1	0	-0.00013171485565535503
0	1	-0.00013171485565535503
4	14	-0.00015880576558886691
14	4	-0.00015880576558886691
2	1	-0.0001099598955631788
1	2	-0.0001099598955631788
7	1	-1.6878872523361979e-07
1	7	-1.6878872523361979e-07
1	46	-0.00019518079000734466
46	1	-0.00019518079000734466
12	8	-0.0001780933259565364
8	12	-0.0001780933259565364
0	8	-1.676581701387706e-05
8	0	-1.676581701387706e-05
8	3	-0.00015777955596461897
3	8	-0.00015777955596461897
3	31	-6.178514819133383e-09
31	3	-6.178514819133383e-09
4	31	-6.0675275887185836e-05
31	4	-6.0675275887185836e-05
1	4	-0.0001587927773606635
4	1	-0.0001587927773606635
7	4	-0.0001587251529063254
4	7	-0.0001587251529063254
31	35	-0.000197522183860467
35	31	-0.000197522183860467
4	51	-0.0001213691821405798
51	4	-0.0001213691821405798
0	3	-5.543232836340243e-09
3	0	-5.543232836340243e-09
3	2	-0.00015776859583814138
2	3	-0.00015776859583814138
4	2	-0.00012136743315362223
2	4	-0.00012136743315362223
4	8	-0.00015876538418296818
8	4	-0.00015876538418296818
7	37	-0.0001901935355023199
37	7	-0.0001901935355023199
0	7	-1.807017848933998e-05
7	0	-1.807017848933998e-05
8	7	-0.00018331090386541934
7	8	-0.00018331090386541934
37	6	-4.5721268379603485e-05
6	37	-4.5721268379603485e-05
7	6	-4.401479679629143e-05
6	7	-4.401479679629143e-05
13	7	-4.3143743660733264e-05
7	13	-4.3143743660733264e-05
7	3	-4.3824101841182025e-05
3	7	-4.3824101841182025e-05
3	32	-4.650985325104093e-09
32	3	-4.650985325104093e-09
4	32	-6.0681383323671345e-05
32	4	-6.0681383323671345e-05
7	11	-1.676173408494184e-07
11	7	-1.676173408494184e-07
0	10	-0.00019723233778004554
10	0	-0.00019723233778004554
0	9	-1.6179041902620065e-05
9	0	-1.6179041902620065e-05
7	14	-1.6647764234084393e-07
14	7	-1.6647764234084393e-07
0	13	-0.0001649916532257883
13	0	-0.0001649916532257883
0	12	-0.0001524239296402302
12	0	-0.0001524239296402302
13	12	-0.00018252283220209842
12	13	-0.00018252283220209842
7	17	-0.00018328449729946935
17	7	-0.00018328449729946935
15	1	-0.00015033301200788655
1	15	-0.00015033301200788655
3	6	-0.00017683265151520044
6	3	-0.00017683265151520044
0	6	-1.8790418437020857e-05
6	0	-1.8790418437020857e-05
3	33	-2.2798947672078895e-09
33	3	-2.2798947672078895e-09
4	33	-6.068439245957826e-05
33	4	-6.068439245957826e-05
7	20	-0.00018555736937705703
20	7	-0.00018555736937705703
18	1	-0.00019728364601862347
1	18	-0.00019728364601862347
9	3	-0.0001701149053163454
3	9	-0.0001701149053163454
4	34	-0.00015877233106149463
34	4	-0.00015877233106149463
7	23	-0.00017740302632614804
23	7	-0.00017740302632614804
7	26	-0.00018427831651190746
26	7	-0.00018427831651190746
24	1	-0.00019695232170366384
1	24	-0.00019695232170366384
4	30	-0.00015876131483555443
30	4	-0.00015876131483555443
7	44	-0.00017722943745243904
44	7	-0.00017722943745243904
45	1	-0.0001951796044641972
1	45	-0.0001951796044641972
1	9	-1.6179041902620065e-05
9	1	-1.6179041902620065e-05
1	12	-0.00014865937515050787
12	1	-0.00014865937515050787
1	21	-0.00019509854853669376
21	1	-0.00019509854853669376
1	43	-0.0001950454150401629
43	1	-0.0001950454150401629
2	9	-0.00019484330045981102
9	2	-0.00019484330045981102
45	3	-5.285006322721792e-09
3	45	-5.285006322721792e-09
1	10	-0.00014892251414918472
10	1	-0.00014892251414918472
1	13	-0.00014865986481757445
13	1	-0.00014865986481757445
1	16	-0.00019668986927914265
16	1	-0.00019668986927914265
1	19	-0.0001972839591681202
19	1	-0.0001972839591681202
1	22	-0.00019509885765792512
22	1	-0.00019509885765792512
1	25	-0.00019695263423984898
25	1	-0.00019695263423984898
1	27	-0.00019504572407065969
27	1	-0.00019504572407065969
3	1	-1.2515126092238752e-08
1	3	-1.2515126092238752e-08
3	5	-0.0001525060988745376
5	3	-0.0001525060988745376
3	10	-0.00016971124282915407
10	3	-0.00016971124282915407
3	12	-0.00017503669489824915
12	3	-0.00017503669489824915
3	13	-0.00018946889595751283
13	3	-0.00018946889595751283
3	15	-0.00018842610701769083
15	3	-0.00018842610701769083
5	12	-0.000193644181943975
12	5	-0.000193644181943975
5	13	-0.00019364448974183986
13	5	-0.00019364448974183986
0	49	-0.000197368659646235
49	0	-0.000197368659646235
0	52	-0.00019702518921288595
52	0	-0.00019702518921288595
45	6	-0.00019431578997800329
6	45	-0.00019431578997800329
45	7	-4.330788449772941e-05
7	45	-4.330788449772941e-05
46	3	-6.283482595081191e-09
3	46	-6.283482595081191e-09
46	6	-0.00019431697469321867
6	46	-0.00019431697469321867
46	7	-4.330914309398375e-05
7	46	-4.330914309398375e-05
11	2	-0.00015104168206417292
2	11	-0.00015104168206417292
11	3	-1.1554906311936851e-08
3	11	-1.1554906311936851e-08
11	35	-0.00019756886487169769
35	11	-0.00019756886487169769
11	5	-0.00015170791014559732
5	11	-0.00015170791014559732
11	6	-1.6053985279515782e-07
6	11	-1.6053985279515782e-07
11	9	-0.00014895910236833697
9	11	-0.00014895910236833697
11	12	-0.00014869638882394356
12	11	-0.00014869638882394356
11	13	-0.00014869687855064546
13	11	-0.00014869687855064546
1	49	-0.00019484450089282072
49	1	-0.00019484450089282072
1	52	-0.0001945053781411213
52	1	-0.0001945053781411213
1	50	-0.0001966907534682638
50	1	-0.0001966907534682638
1	47	-0.0001972848464385845
47	1	-0.0001972848464385845
1	53	-0.0001950997336099757
53	1	-0.0001950997336099757
1	48	-0.0001969535197871391
48	1	-0.0001969535197871391
1	28	-0.00019504659976791514
28	1	-0.00019504659976791514
2	35	-0.00015105047222341625
35	2	-0.00015105047222341625
2	6	-0.00014544926139448187
6	2	-0.00014544926139448187
2	7	-4.382377094268411e-05
7	2	-4.382377094268411e-05
3	35	-5.2196856952715565e-09
35	3	-5.2196856952715565e-09
3	38	-9.892302705002988e-09
38	3	-9.892302705002988e-09
3	39	-9.89233009496879e-09
39	3	-9.89233009496879e-09
3	47	-5.081221514640493e-09
47	3	-5.081221514640493e-09
3	40	-5.994648415443079e-09
40	3	-5.994648415443079e-09
3	48	-5.072687944322804e-09
48	3	-5.072687944322804e-09
3	42	-5.994680920121877e-09
42	3	-5.994680920121877e-09
51	7	-4.382504810391612e-05
7	51	-4.382504810391612e-05
35	5	-0.00015171678986802703
5	35	-0.00015171678986802703
35	6	-0.0001517182280822738
6	35	-0.0001517182280822738
35	9	-0.0001489676160434153
9	35	-0.0001489676160434153
35	10	-0.00014896810708496167
10	35	-0.00014896810708496167
36	7	-4.4013512806999955e-05
7	36	-4.4013512806999955e-05
5	7	-4.401384547663009e-05
7	5	-4.401384547663009e-05
6	9	-0.00019398094196196363
9	6	-0.00019398094196196363
6	10	-0.00019398125037878427
10	6	-0.00019398125037878427
6	12	-0.000195565689978908
12	6	-0.000195565689978908
6	13	-0.00018439560001474824
13	6	-0.00018439560001474824
6	15	-0.00019581901009376647
15	6	-0.00019581901009376647
7	9	-4.322213069346907e-05
9	7	-4.322213069346907e-05
7	10	-4.3222456080790546e-05
10	7	-4.3222456080790546e-05
7	49	-4.322338660805741e-05
49	7	-4.322338660805741e-05
7	12	-4.3143418962503135e-05
12	7	-4.3143418962503135e-05
7	52	-4.3144672220607045e-05
52	7	-4.3144672220607045e-05
7	15	-4.363157526809131e-05
15	7	-4.363157526809131e-05
7	16	-4.363190438482678e-05
16	7	-4.363190438482678e-05
7	50	-4.3632845560266246e-05
50	7	-4.3632845560266246e-05
7	18	-4.376508373582434e-05
18	7	-4.376508373582434e-05
7	19	-4.3765414057980684e-05
19	7	-4.3765414057980684e-05
7	47	-4.3766358675004655e-05
47	7	-4.3766358675004655e-05
7	21	-4.327346684760789e-05
21	7	-4.327346684760789e-05
7	22	-4.327379274162966e-05
22	7	-4.327379274162966e-05
7	53	-4.327472471581683e-05
53	7	-4.327472471581683e-05
7	24	-4.3691601882862905e-05
24	7	-4.3691601882862905e-05
7	25	-4.369193153413415e-05
25	7	-4.369193153413415e-05
7	48	-4.3692874235690894e-05
48	7	-4.3692874235690894e-05
7	43	-4.325707144761738e-05
43	7	-4.325707144761738e-05
7	27	-4.325739722731711e-05
27	7	-4.325739722731711e-05
7	28	-4.325832887524894e-05
28	7	-4.325832887524894e-05
45	4	-0.00011991264577899903
4	45	-0.00011991264577899903
0	4	-0.00011991309198385574
4	0	-0.00011991309198385574
46	4	-0.00011991436484435738
4	46	-0.00011991436484435738
1	5	-0.00010656966521102848
5	1	-0.00010656966521102848
1	6	-1.6166177655109654e-07
6	1	-1.6166177655109654e-07
2	14	-0.00015099172122201785
14	2	-0.00015099172122201785
3	4	-1.7735213788019128e-07
4	3	-1.7735213788019128e-07
3	37	-1.8067149258127623e-07
37	3	-1.8067149258127623e-07
3	14	-1.2516149983555015e-08
14	3	-1.2516149983555015e-08
3	17	-1.7410776795035825e-07
17	3	-1.7410776795035825e-07
3	20	-1.7626703704364258e-07
20	3	-1.7626703704364258e-07
3	23	-1.6852028766959753e-07
23	3	-1.6852028766959753e-07
3	26	-1.750519133733425e-07
26	3	-1.750519133733425e-07
3	44	-1.6835537628184591e-07
44	3	-1.6835537628184591e-07
4	36	-0.00012190133486818277
36	4	-0.00012190133486818277
4	5	-0.00012190179171722085
5	4	-0.00012190179171722085
4	6	-4.657802929431585e-05
6	4	-4.657802929431585e-05
4	9	-0.00011969499232919006
9	4	-0.00011969499232919006
4	10	-0.0001196954374250521
10	4	-0.0001196954374250521
4	49	-0.00011969670712855249
49	4	-0.00011969670712855249
4	11	-0.00015875288674131667
11	4	-0.00015875288674131667
4	12	-0.00011948323716365267
12	4	-0.00011948323716365267
4	13	-0.00011948368115426023
13	4	-0.00011948368115426023
4	52	-0.00011948494771122801
52	4	-0.00011948494771122801
4	15	-0.00012082886667625094
15	4	-0.00012082886667625094
4	16	-0.00012082931778027663
16	4	-0.00012082931778027663
4	50	-0.00012083060458846529
50	4	-0.00012083060458846529
4	18	-0.0001211954826759995
18	4	-0.0001211954826759995
4	19	-0.00012119593572327276
19	4	-0.00012119593572327276
4	47	-0.00012119722806357402
47	4	-0.00012119722806357402
4	21	-0.00011984650246335681
21	4	-0.00011984650246335681
4	22	-0.00011984694837974404
22	4	-0.00011984694837974404
4	53	-0.00011984822041934336
53	4	-0.00011984822041934336
4	24	-0.00012099199469248861
24	4	-0.00012099199469248861
4	25	-0.00012099244665710991
25	4	-0.00012099244665710991
4	48	-0.00012099373591526059
48	4	-0.00012099373591526059
4	43	-0.00011980928221277584
43	4	-0.00011980928221277584
4	27	-0.0001198097279495672
27	4	-0.0001198097279495672
4	28	-0.00011981099947796681
28	4	-0.00011981099947796681
5	14	-0.0001516577249657462
14	5	-0.0001516577249657462
6	14	-1.5944827700789023e-07
14	6	-1.5944827700789023e-07
6	17	-4.744700540028725e-05
17	6	-4.744700540028725e-05
6	20	-4.686510378917748e-05
20	6	-4.686510378917748e-05
6	23	-4.9021995060648025e-05
23	6	-4.9021995060648025e-05
6	26	-4.7190801388779414e-05
26	6	-4.7190801388779414e-05
6	44	-4.907006831335377e-05
44	6	-4.907006831335377e-05
9	14	-0.00014890983916266044
14	9	-0.00014890983916266044
12	14	-0.00014864721229662
14	12	-0.00014864721229662
13	14	-0.00014864770194467707
14	13	-0.00014864770194467707
1	35	-0.0001975067820738247
35	1	-0.0001975067820738247
1	31	-0.00019756818016300232
31	1	-0.00019756818016300232
1	8	-1.8325431414369168e-07
8	1	-1.8325431414369168e-07
1	32	-0.00019756350693741231
32	1	-0.00019756350693741231
1	33	-0.00019756120451895092
33	1	-0.00019756120451895092
2	8	-0.0001648763561071451
8	2	-0.0001648763561071451
2	31	-0.0001510123403944967
31	2	-0.0001510123403944967
2	32	-0.00015100603740438083
32	2	-0.00015100603740438083
2	33	-0.00015100293211257676
33	2	-0.00015100293211257676
35	4	-0.0001587361284102226
4	35	-0.0001587361284102226
35	32	-0.00019751284002279834
32	35	-0.00019751284002279834
35	14	-0.00019749062323627133
14	35	-0.00019749062323627133
35	33	-0.0001975082366360178
33	35	-0.0001975082366360178
4	38	-0.00015874411321200962
38	4	-0.00015874411321200962
4	39	-0.00015874455260949343
39	4	-0.00015874455260949343
4	40	-0.0001587483736543277
40	4	-0.0001587483736543277
4	41	-0.00015873255493893356
41	4	-0.00015873255493893356
4	42	-0.00015874923417706283
42	4	-0.00015874923417706283
4	29	-0.00015872099350302542
29	4	-0.00015872099350302542
31	5	-0.00015167848621660312
5	31	-0.00015167848621660312
31	6	-0.00015167992425242524
6	31	-0.00015167992425242524
31	9	-0.00014893001851669734
9	31	-0.00014893001851669734
31	10	-0.000148930509497581
10	31	-0.000148930509497581
31	11	-0.00019751972803144416
11	31	-0.00019751972803144416
31	32	-0.00019756293613560852
32	31	-0.00019756293613560852
31	14	-0.00019754071005928305
14	31	-0.00019754071005928305
31	33	-0.0001975583310197329
33	31	-0.0001975583310197329
8	11	-1.8198253937539276e-07
11	8	-1.8198253937539276e-07
8	32	-4.6495710070902365e-09
32	8	-4.6495710070902365e-09
8	14	-1.80745166036443e-07
14	8	-1.80745166036443e-07
8	33	-6.951645492289438e-09
33	8	-6.951645492289438e-09
8	6	-0.00017628456561479032
6	8	-0.00017628456561479032
8	5	-0.00015979296798674416
5	8	-0.00015979296798674416
5	32	-0.00015167214313695885
32	5	-0.00015167214313695885
5	33	-0.00015166901809463625
33	5	-0.00015166901809463625
6	32	-0.00015167358111800298
32	6	-0.00015167358111800298
6	33	-0.0001516704560486933
33	6	-0.0001516704560486933
7	33	-2.2792280302588346e-09
33	7	-2.2792280302588346e-09
8	13	-0.00016452762339344085
13	8	-0.00016452762339344085
9	32	-0.0001489238397163322
32	9	-0.0001489238397163322
9	33	-0.0001489207956079117
33	9	-0.0001489207956079117
10	32	-0.00014892433067878637
32	10	-0.00014892433067878637
10	33	-0.00014892128656128636
33	10	-0.00014892128656128636
11	32	-0.00019751505592928645
32	11	-0.00019751505592928645
11	33	-0.000197512754064321
33	11	-0.000197512754064321
32	14	-0.000197550056178822
14	32	-0.000197550056178822
32	15	-0.00015033492637601012
15	32	-0.00015033492637601012
32	33	-0.00019756767814927773
33	32	-0.00019756767814927773
12	33	-5.698070075647087e-10
33	12	-5.698070075647087e-10
14	33	-0.00019755466101493627
33	14	-0.00019755466101493627
15	33	-0.00015033184090980858
33	15	-0.00015033184090980858
