1	0	-0.00013171485565535503
0	1	-0.00013171485565535503
7	1	-1.807017848933998e-05
1	7	-1.807017848933998e-05
0	8	-1.676581701387706e-05
8	0	-1.676581701387706e-05
4	31	-0.00015877656509072282
31	4	-0.00015877656509072282
7	4	-0.00018253960973975837
4	7	-0.00018253960973975837
4	8	-0.0001967409835525289
8	4	-0.0001967409835525289
0	7	-1.807017848933998e-05
7	0	-1.807017848933998e-05
7	6	-0.00018999930411613074
6	7	-0.00018999930411613074
13	7	-0.00017732768517547323
7	13	-0.00017732768517547323
7	3	-0.00017005462578349823
3	7	-0.00017005462578349823
4	32	-0.00015878499234151728
32	4	-0.00015878499234151728
7	11	-0.00017646777469834077
11	7	-0.00017646777469834077
0	9	-1.6179041902620065e-05
9	0	-1.6179041902620065e-05
7	14	-0.00017526789848854078
14	7	-0.00017526789848854078
0	6	-1.8790418437020857e-05
6	0	-1.8790418437020857e-05
3	33	-0.0001510034332477027
33	3	-0.0001510034332477027
4	33	-0.00015878914445067096
33	4	-0.00015878914445067096
1	9	-4.80575081637891e-05
9	1	-4.80575081637891e-05
3	1	-1.6880337543649468e-07
1	3	-1.6880337543649468e-07
11	3	-1.6763178840599637e-07
3	11	-1.6763178840599637e-07
2	7	-0.0001518614723944132
7	2	-0.0001518614723944132
5	7	-0.00015172501481001757
7	5	-0.00015172501481001757
7	12	-0.00019194878395315497
12	7	-0.00019194878395315497
1	6	-1.8790418437020857e-05
6	1	-1.8790418437020857e-05
3	4	-0.00012136788713653844
4	3	-0.00012136788713653844
3	14	-1.6649189408737536e-07
14	3	-1.6649189408737536e-07
4	6	-0.00012190309488068843
6	4	-0.00012190309488068843
1	8	-1.676581701387706e-05
8	1	-1.676581701387706e-05
35	4	-0.0001587361284102226
4	35	-0.0001587361284102226
