1	0	-4.815193765722131e-05
0	1	-4.815193765722131e-05
0	14	-4.882094716889063e-05
14	0	-4.882094716889063e-05
4	14	-1.9761415397909474e-08
14	4	-1.9761415397909474e-08
0	2	-1.3752311606261747e-08
2	0	-1.3752311606261747e-08
14	1	-0.00019486685980774738
1	14	-0.00019486685980774738
2	1	-2.5686179842899916e-08
1	2	-2.5686179842899916e-08
7	1	-1.481415162941282e-08
1	7	-1.481415162941282e-08
1	11	-0.00019620102461859271
11	1	-0.00019620102461859271
1	46	-4.815289171081595e-05
46	1	-4.815289171081595e-05
11	46	-4.8489678540314806e-05
46	11	-4.8489678540314806e-05
46	0	-0.0001975706652782675
0	46	-0.0001975706652782675
0	45	-0.0001975717153886329
45	0	-0.0001975717153886329
12	8	-0.00014867551509535149
8	12	-0.00014867551509535149
0	8	-9.070481595709034e-09
8	0	-9.070481595709034e-09
8	3	-0.00015102120492702285
3	8	-0.00015102120492702285
3	31	-2.3254926625520464e-09
31	3	-2.3254926625520464e-09
4	31	-2.507062332256524e-10
31	4	-2.507062332256524e-10
1	4	-1.9759799173386018e-08
4	1	-1.9759799173386018e-08
7	4	-1.7733596630468993e-07
4	7	-1.7733596630468993e-07
0	35	-0.00014922890638187773
35	0	-0.00014922890638187773
31	35	-0.000197522183860467
35	31	-0.000197522183860467
4	51	-4.637695016975711e-05
51	4	-4.637695016975711e-05
35	51	-0.00015105240231184648
51	35	-0.00015105240231184648
0	3	-3.804516946680724e-09
3	0	-3.804516946680724e-09
51	3	-0.00019757064531716992
3	51	-0.00019757064531716992
3	2	-0.00012856165618674195
2	3	-0.00012856165618674195
4	2	-2.1271876403773776e-07
2	4	-2.1271876403773776e-07
4	8	-1.9253407378481594e-07
8	4	-1.9253407378481594e-07
0	37	-4.49865479568799e-05
37	0	-4.49865479568799e-05
7	37	-1.8065471002932108e-07
37	7	-1.8065471002932108e-07
0	7	-5.5421158895983145e-09
7	0	-5.5421158895983145e-09
8	7	-0.00018331090386541934
7	8	-0.00018331090386541934
37	6	-1.730267310523305e-07
6	37	-1.730267310523305e-07
7	6	-1.2764313095166171e-09
6	7	-1.2764313095166171e-09
0	5	-1.545629014070469e-08
5	0	-1.545629014070469e-08
6	5	-0.0001409648400683985
5	6	-0.0001409648400683985
0	36	-0.0001943172868325283
36	0	-0.0001943172868325283
5	36	-0.00019757170581388573
36	5	-0.00019757170581388573
36	1	-4.8938377155348556e-05
1	36	-4.8938377155348556e-05
13	7	-4.3143743660733264e-05
7	13	-4.3143743660733264e-05
7	3	-4.3824101841182025e-05
3	7	-4.3824101841182025e-05
3	32	-4.650985325104093e-09
32	3	-4.650985325104093e-09
4	32	-4.923075183977901e-09
32	4	-4.923075183977901e-09
7	11	-1.3853532010696328e-08
11	7	-1.3853532010696328e-08
0	38	-0.00014922579046528338
38	0	-0.00014922579046528338
32	38	-0.00019752163696205228
38	32	-0.00019752163696205228
11	49	-4.839500004811638e-05
49	11	-4.839500004811638e-05
38	49	-0.00014896373987025732
49	38	-0.00014896373987025732
0	10	-1.0963750998987963e-08
10	0	-1.0963750998987963e-08
49	10	-4.982774492178125e-10
10	49	-4.982774492178125e-10
0	9	-1.0843270218779303e-08
9	0	-1.0843270218779303e-08
10	9	-0.00019710346789510673
9	10	-0.00019710346789510673
7	14	-1.4815363331766046e-08
14	7	-1.4815363331766046e-08
14	52	-4.863836305432019e-05
52	14	-4.863836305432019e-05
35	52	-0.00014870675421841523
52	35	-0.00014870675421841523
0	13	-8.95000081550037e-10
13	0	-8.95000081550037e-10
52	13	-0.00019757067075618738
13	52	-0.00019757067075618738
0	12	-4.251250387362683e-09
12	0	-4.251250387362683e-09
13	12	-0.00018252283220209842
12	13	-0.00018252283220209842
1	17	-0.00019155301763526677
17	1	-0.00019155301763526677
7	17	-1.7409218260260814e-07
17	7	-1.7409218260260814e-07
0	39	-0.000149225377305072
39	0	-0.000149225377305072
32	39	-0.000197522183860467
39	32	-0.000197522183860467
17	50	-4.703461622474205e-05
50	17	-4.703461622474205e-05
39	50	-0.00015037480197840523
50	39	-0.00015037480197840523
0	16	-0.00019605550348693237
16	0	-0.00019605550348693237
50	16	-0.00019757065266588094
16	50	-0.00019757065266588094
0	15	-5.920769770254097e-09
15	0	-5.920769770254097e-09
16	15	-0.00019757171096086078
15	16	-0.00019757171096086078
15	1	-1.5315553684562174e-08
1	15	-1.5315553684562174e-08
3	6	-7.319492254794614e-10
6	3	-7.319492254794614e-10
0	6	-3.803750346587662e-09
6	0	-3.803750346587662e-09
3	33	-2.2798947672078895e-09
33	3	-2.2798947672078895e-09
4	33	-7.225152855920501e-09
33	4	-7.225152855920501e-09
1	20	-0.00018920649546275885
20	1	-0.00018920649546275885
7	20	-1.762510627402842e-07
20	7	-1.762510627402842e-07
0	40	-0.0001492239484593409
40	0	-0.0001492239484593409
33	40	-0.00019752177368637203
40	33	-0.00019752177368637203
20	47	-4.659992048028831e-05
47	20	-4.659992048028831e-05
40	47	-0.00015082796015487195
47	40	-0.00015082796015487195
0	19	-0.00019546514918986215
19	0	-0.00019546514918986215
47	19	-0.00019757064775468701
19	47	-0.00019757064775468701
0	18	-0.00019546545906002065
18	0	-0.00019546545906002065
19	18	-0.00019757170923671068
18	19	-0.00019757170923671068
18	1	-4.8661019183624524e-05
1	18	-4.8661019183624524e-05
15	9	-0.0001783722586525374
9	15	-0.0001783722586525374
9	3	-2.285781936219798e-09
3	9	-2.285781936219798e-09
3	34	-3.830223208909254e-09
34	3	-3.830223208909254e-09
4	34	-6.0672207381786654e-05
34	4	-6.0672207381786654e-05
1	23	-0.00019724094948934105
23	1	-0.00019724094948934105
7	23	-1.6850568656095761e-07
23	7	-1.6850568656095761e-07
1	41	-6.373142315427576e-05
41	1	-6.373142315427576e-05
34	41	-0.00019752300421376756
41	34	-0.00019752300421376756
23	53	-4.819738094444624e-05
53	23	-4.819738094444624e-05
41	53	-0.00014916190462930265
53	41	-0.00014916190462930265
0	22	-0.00019747395766923033
22	0	-0.00019747395766923033
53	22	-0.0001975706658136009
22	53	-0.0001975706658136009
0	21	-0.00019747338996430186
21	0	-0.00019747338996430186
22	21	-0.0001975717155765699
21	22	-0.0001975717155765699
1	26	-0.00019051987323042132
26	1	-0.00019051987323042132
7	26	-1.750361585435906e-07
26	7	-1.750361585435906e-07
1	42	-6.374369810027541e-05
42	1	-6.374369810027541e-05
33	42	-0.0001975228447000921
42	33	-0.0001975228447000921
26	48	-4.684491789636991e-05
48	26	-4.684491789636991e-05
42	48	-0.00015057384365956399
48	42	-0.00015057384365956399
0	25	-0.00019579395585810468
25	0	-0.00019579395585810468
48	25	-0.0001975706505017706
25	48	-0.0001975706505017706
0	24	-0.0001957942657282632
24	0	-0.0001957942657282632
25	24	-0.00019757171020111662
24	25	-0.00019757171020111662
24	1	-4.857931527872554e-05
1	24	-4.857931527872554e-05
10	5	-4.244020172891171e-09
5	10	-4.244020172891171e-09
6	30	-0.00015169140436446416
30	6	-0.00015169140436446416
4	30	-6.066422365118067e-05
30	4	-6.066422365118067e-05
0	44	-4.828016634491424e-05
44	0	-4.828016634491424e-05
7	44	-1.6834080373483323e-07
44	7	-1.6834080373483323e-07
0	29	-0.00014923518986009285
29	0	-0.00014923518986009285
30	29	-0.00019752232058554387
29	30	-0.00019752232058554387
44	28	-4.822689482777775e-05
28	44	-4.822689482777775e-05
29	28	-0.00014912530673673655
28	29	-0.00014912530673673655
0	27	-0.00019741561396800615
27	0	-0.00019741561396800615
28	27	-0.000197570666215784
27	28	-0.000197570666215784
0	43	-0.0001974150465089448
43	0	-0.0001974150465089448
27	43	-0.00019757171571776244
43	27	-0.00019757171571776244
45	1	-4.815160397183741e-05
1	45	-4.815160397183741e-05
45	2	-1.3494111880239536e-08
2	45	-1.3494111880239536e-08
45	36	-0.00019431697781330056
36	45	-0.00019431697781330056
45	9	-1.0585080520155497e-08
9	45	-1.0585080520155497e-08
45	12	-3.993071025489554e-09
12	45	-3.993071025489554e-09
45	15	-5.662587790457168e-09
15	45	-5.662587790457168e-09
45	18	-0.00019546514974066296
18	45	-0.00019546514974066296
45	21	-0.00019747395769492186
21	45	-0.00019747395769492186
45	24	-0.00019579395632295606
24	45	-0.00019579395632295606
45	43	-0.00019741561400893115
43	45	-0.00019741561400893115
1	9	-2.1833780401503813e-08
9	1	-2.1833780401503813e-08
1	12	-1.3104826441403649e-08
12	1	-1.3104826441403649e-08
1	21	-4.811517953696409e-05
21	1	-4.811517953696409e-05
1	43	-4.8097467007068213e-05
43	1	-4.8097467007068213e-05
2	36	-0.00019669903343339223
36	2	-0.00019669903343339223
2	9	-2.2852380542316087e-09
9	2	-2.2852380542316087e-09
2	12	-0.00014709992957268202
12	2	-0.00014709992957268202
2	15	-2.3068866464914847e-09
15	2	-2.3068866464914847e-09
2	18	-4.070989045154374e-09
18	2	-4.070989045154374e-09
2	21	-0.00019509679797152674
21	2	-0.00019509679797152674
2	24	-4.064153682735536e-09
24	2	-4.064153682735536e-09
2	43	-0.00019503909660969034
43	2	-0.00019503909660969034
36	9	-0.0001939821278187576
9	36	-0.0001939821278187576
36	12	-0.00019364449076508187
12	36	-0.00019364449076508187
36	15	-0.000195820207187157
15	36	-0.000195820207187157
36	18	-0.00019641167792891013
18	36	-0.00019641167792891013
36	21	-0.00019423620726035463
21	36	-0.00019423620726035463
36	24	-0.00019608181802438604
24	36	-0.00019608181802438604
36	43	-0.00019418161409225163
43	36	-0.00019418161409225163
9	12	-0.0001718603621191177
12	9	-0.0001718603621191177
9	18	-1.1308060938250849e-09
18	9	-1.1308060938250849e-09
9	21	-0.00019731374951561487
21	9	-0.00019731374951561487
9	24	-1.1289074632268682e-09
24	9	-1.1289074632268682e-09
9	43	-0.0001973674396116205
43	9	-0.0001973674396116205
12	15	-0.0001903594451323159
15	12	-0.0001903594451323159
12	18	-0.00019478360004945643
18	12	-0.00019478360004945643
12	21	-0.00019697037398900863
21	12	-0.00019697037398900863
12	24	-0.00019511128484995171
24	12	-0.00019511128484995171
12	43	-0.00019702397160777929
43	12	-0.00019702397160777929
15	18	-0.00019697558109295547
18	15	-0.00019697558109295547
15	21	-0.00019596891780793578
21	15	-0.00019596891780793578
15	24	-0.00019730694748390948
24	15	-0.00019730694748390948
15	43	-0.00019591098023234228
43	15	-0.00019591098023234228
18	21	-0.00019537705596559058
21	18	-0.00019537705596559058
18	24	-0.00019724047442130303
24	18	-0.00019724047442130303
18	43	-0.00019531927990300047
43	18	-0.00019531927990300047
21	24	-0.00019570574209096304
24	21	-0.00019570574209096304
21	43	-0.00019751390818145364
43	21	-0.00019751390818145364
24	43	-0.00019564787661628728
43	24	-0.00019564787661628728
45	3	-3.546290887559246e-09
3	45	-3.546290887559246e-09
45	5	-1.5198087742667738e-08
5	45	-1.5198087742667738e-08
45	10	-1.070556111144182e-08
10	45	-1.070556111144182e-08
45	13	-6.368259825134158e-10
13	45	-6.368259825134158e-10
45	16	-0.00019605519401333816
16	45	-0.00019605519401333816
45	19	-0.00019546483987058542
19	45	-0.00019546483987058542
45	22	-0.00019747452540148206
22	45	-0.00019747452540148206
45	25	-0.00019579364645287852
25	45	-0.00019579364645287852
45	27	-0.00019741618146962306
27	45	-0.00019741618146962306
1	10	-2.1993317419051335e-08
10	1	-2.1993317419051335e-08
1	13	-8.660580952579796e-09
13	1	-8.660580952579796e-09
1	16	-4.851310496715104e-05
16	1	-4.851310496715104e-05
1	19	-4.86613572729421e-05
19	1	-4.86613572729421e-05
1	22	-4.81155130270562e-05
22	1	-4.81155130270562e-05
1	25	-4.857965267109215e-05
25	1	-4.857965267109215e-05
1	27	-4.809780037870601e-05
27	1	-4.809780037870601e-05
2	5	-4.704166286260412e-10
5	2	-4.704166286260412e-10
2	10	-2.5429756501534165e-09
10	2	-2.5429756501534165e-09
2	13	-0.00013471991823618093
13	2	-0.00013471991823618093
2	16	-2.567065888747989e-09
16	2	-2.567065888747989e-09
2	19	-4.331956747554148e-09
19	2	-4.331956747554148e-09
2	22	-0.0001950973619933663
22	2	-0.0001950973619933663
2	25	-4.3246831978398466e-09
25	2	-4.3246831978398466e-09
2	27	-0.00019503966038765248
27	2	-0.00019503966038765248
3	1	-6.449853709421271e-09
1	3	-6.449853709421271e-09
3	36	-0.00019669934689483577
36	3	-0.00019669934689483577
3	5	-7.31760361625211e-10
5	3	-7.31760361625211e-10
3	10	-2.54357755521135e-09
10	3	-2.54357755521135e-09
3	12	-0.00017503669489824915
12	3	-0.00017503669489824915
3	13	-0.00018946889595751283
13	3	-0.00018946889595751283
3	15	-2.307440883179856e-09
15	3	-2.307440883179856e-09
3	16	-2.567679253189245e-09
16	3	-2.567679253189245e-09
3	18	-1.131092734466219e-09
18	3	-1.131092734466219e-09
3	19	-1.3921145025643514e-09
19	3	-1.3921145025643514e-09
3	21	-0.00019509623330444194
21	3	-0.00019509623330444194
3	22	-0.00019509679732465925
22	3	-0.00019509679732465925
3	24	-1.129193142011569e-09
24	3	-1.129193142011569e-09
3	25	-1.3897765413856911e-09
25	3	-1.3897765413856911e-09
3	43	-0.00019503853217158403
43	3	-0.00019503853217158403
3	27	-0.00019503909594792505
27	3	-0.00019503909594792505
36	10	-0.00019398243623588773
10	36	-0.00019398243623588773
36	13	-0.00019364479856302718
13	36	-0.00019364479856302718
36	16	-0.00019582051901091251
16	36	-0.00019582051901091251
36	19	-0.00019641199084800777
19	36	-0.00019641199084800777
36	22	-0.0001942365161562462
22	36	-0.0001942365161562462
36	25	-0.0001960821303309453
25	36	-0.0001960821303309453
36	27	-0.0001941821765394905
27	36	-0.0001941821765394905
5	9	-3.986279914148365e-09
9	5	-3.986279914148365e-09
5	12	-4.631133858945272e-10
12	5	-4.631133858945272e-10
5	13	-7.203997260346221e-10
13	5	-7.203997260346221e-10
5	15	-4.024042872075367e-09
15	5	-4.024042872075367e-09
5	16	-4.2842248278429244e-09
16	5	-4.2842248278429244e-09
5	18	-5.793330564258144e-09
18	5	-5.793330564258144e-09
5	19	-6.054300996581697e-09
19	5	-6.054300996581697e-09
5	21	-0.00019423589749278843
21	5	-0.00019423589749278843
5	22	-0.00019423620638859903
22	5	-0.00019423620638859903
5	24	-5.78360331773903e-09
24	5	-5.78360331773903e-09
5	25	-6.044135553607493e-09
25	5	-6.044135553607493e-09
5	43	-0.00019418105076083692
43	5	-0.00019418105076083692
5	27	-0.00019418161320645813
27	5	-0.00019418161320645813
9	13	-0.0001587694360983255
13	9	-0.0001587694360983255
9	16	-0.00019571719340586788
16	9	-0.00019571719340586788
9	19	-1.391763552150872e-09
19	9	-1.391763552150872e-09
9	22	-0.0001973134401616686
22	9	-0.0001973134401616686
9	25	-1.389426768628747e-09
25	9	-1.389426768628747e-09
9	27	-0.00019736713025767424
27	9	-0.00019736713025767424
10	12	-0.0001714525578700215
12	10	-0.0001714525578700215
10	13	-0.00015839269506351592
13	10	-0.00015839269506351592
10	15	-0.00017794900244556526
15	10	-0.00017794900244556526
10	16	-0.00019571775765026098
16	10	-0.00019571775765026098
10	18	-1.252585211621633e-09
18	10	-1.252585211621633e-09
10	19	-1.5135428629640738e-09
19	10	-1.5135428629640738e-09
10	21	-0.00019731405880217412
21	10	-0.00019731405880217412
10	22	-0.0001973137494481471
22	10	-0.0001973137494481471
10	24	-1.2504821131128394e-09
24	10	-1.2504821131128394e-09
10	25	-1.5110016108837627e-09
25	10	-1.5110016108837627e-09
10	43	-0.00019736774891219088
43	10	-0.00019736774891219088
10	27	-0.0001973674395581639
27	10	-0.0001973674395581639
12	16	-0.0001953730902979383
16	12	-0.0001953730902979383
12	19	-0.00019478303752555148
19	12	-0.00019478303752555148
12	22	-0.00019697006516790176
22	12	-0.00019697006516790176
12	25	-0.00019511072189922762
25	12	-0.00019511072189922762
12	27	-0.00019702366278667242
27	12	-0.00019702366278667242
13	15	-0.00017585940927262775
15	13	-0.00017585940927262775
13	16	-0.00019537365302258378
16	13	-0.00019537365302258378
13	18	-0.00019478416184850274
18	13	-0.00019478416184850274
13	19	-0.0001947835993229868
19	13	-0.0001947835993229868
13	21	-0.00019697068265339056
21	13	-0.00019697068265339056
13	22	-0.00019697037383220324
22	13	-0.00019697037383220324
13	24	-0.00019511184716118247
24	13	-0.00019511184716118247
13	25	-0.00019511128420884603
25	13	-0.00019511128420884603
13	43	-0.0001970242802861241
43	13	-0.0001970242802861241
13	27	-0.00019702397146493676
27	13	-0.00019702397146493676
15	19	-0.0001969750093618161
19	15	-0.0001969750093618161
15	22	-0.00019596948318703993
22	15	-0.00019596948318703993
15	25	-0.0001973063753163063
25	15	-0.0001973063753163063
15	27	-0.00019591154536683392
27	15	-0.00019591154536683392
16	18	-0.0001969761526685602
18	16	-0.0001969761526685602
16	19	-0.00019697558093576431
19	16	-0.00019697558093576431
16	21	-0.0001959683520114904
21	16	-0.0001959683520114904
16	22	-0.00019596891738896883
22	16	-0.00019596891738896883
16	24	-0.0001973075195832723
24	16	-0.0001973075195832723
16	25	-0.00019730694741401121
25	16	-0.00019730694741401121
16	43	-0.00019591041466548707
43	16	-0.00019591041466548707
16	27	-0.0001959109797983541
27	16	-0.0001959109797983541
18	22	-0.00019537762041179035
22	18	-0.00019537762041179035
18	25	-0.00019724078703349854
25	18	-0.00019724078703349854
18	27	-0.00019531984410509683
27	18	-0.00019531984410509683
19	21	-0.00019537649094739594
21	19	-0.00019537649094739594
19	22	-0.00019537705539197245
22	19	-0.00019537705539197245
19	24	-0.00019723990157701775
24	19	-0.00019723990157701775
19	25	-0.00019724047433377674
25	19	-0.00019724047433377674
19	43	-0.00019531871511397134
43	19	-0.00019531871511397134
19	27	-0.0001953192793144455
27	19	-0.0001953192793144455
21	25	-0.0001957051766433368
25	21	-0.0001957051766433368
21	27	-0.0001975144758435556
27	21	-0.0001975144758435556
22	24	-0.00019570630705248232
24	22	-0.00019570630705248232
22	25	-0.0001957057416032314
25	22	-0.0001957057416032314
22	43	-0.00019751334050573303
43	22	-0.00019751334050573303
22	27	-0.00019751390816620366
27	22	-0.00019751390816620366
24	27	-0.00019564844133342275
27	24	-0.00019564844133342275
25	43	-0.00019564731139806008
43	25	-0.00019564731139806008
25	27	-0.00019564787611357204
27	25	-0.00019564787611357204
0	49	-0.00019722245670953268
49	0	-0.00019722245670953268
0	52	-0.00019687575167218614
52	0	-0.00019687575167218614
0	53	-0.00019747557478017136
53	0	-0.00019747557478017136
0	28	-0.00019741723037997627
28	0	-0.00019741723037997627
45	46	-0.00019757009718853423
46	45	-0.00019757009718853423
45	11	-4.848838877688924e-05
11	45	-4.848838877688924e-05
45	51	-0.0001951783994138956
51	45	-0.0001951783994138956
45	35	-0.00014922860914866548
35	45	-0.00014922860914866548
45	6	-3.545571686426068e-09
6	45	-3.545571686426068e-09
45	7	-5.283934503557298e-09
7	45	-5.283934503557298e-09
45	49	-0.00019722302337328714
49	45	-0.00019722302337328714
45	38	-0.00014922549323288561
38	45	-0.00014922549323288561
45	52	-0.00019687631689830853
52	45	-0.00019687631689830853
45	50	-0.00019605431604811843
50	45	-0.00019605431604811843
45	39	-0.0001492250800727822
39	45	-0.0001492250800727822
45	47	-0.00019546396190536566
47	45	-0.00019546396190536566
45	40	-0.00014922365122742464
40	45	-0.00014922365122742464
45	53	-0.00019747614251705762
53	45	-0.00019747614251705762
45	41	-0.00014922976255395413
41	45	-0.00014922976255395413
45	48	-0.0001957927684876588
48	45	-0.0001957927684876588
45	42	-0.00014922284212222212
42	45	-0.00014922284212222212
45	28	-0.00019741779788622454
28	45	-0.00019741779788622454
45	29	-0.00014923489262523812
29	45	-0.00014923489262523812
0	11	-4.848872299038742e-05
11	0	-4.848872299038742e-05
0	51	-0.00019517870865829733
51	0	-0.00019517870865829733
0	50	-0.00019605462552148314
50	0	-0.00019605462552148314
0	47	-0.00019546427122441292
47	0	-0.00019546427122441292
0	41	-0.0001492300597874679
41	0	-0.0001492300597874679
0	48	-0.00019579307789265545
48	0	-0.00019579307789265545
0	42	-0.0001492231393539269
42	0	-0.0001492231393539269
46	2	-1.4492487884603739e-08
2	46	-1.4492487884603739e-08
46	3	-4.544765493428586e-09
3	46	-4.544765493428586e-09
46	51	-0.00019517958495588806
51	46	-0.00019517958495588806
46	35	-0.00014922975064959916
35	46	-0.00014922975064959916
46	36	-0.00019431816252965447
36	46	-0.00019431816252965447
46	5	-1.6196473989800612e-08
5	46	-1.6196473989800612e-08
46	6	-4.543866755691834e-09
6	46	-4.543866755691834e-09
46	7	-6.282240022073939e-09
7	46	-6.282240022073939e-09
46	9	-1.158341790371441e-08
9	46	-1.158341790371441e-08
46	10	-1.1703899219206237e-08
10	46	-1.1703899219206237e-08
46	49	-0.00019722084259285596
49	46	-0.00019722084259285596
46	38	-0.00014922663473083283
38	46	-0.00014922663473083283
46	12	-4.9913687846614864e-09
12	46	-4.9913687846614864e-09
46	13	-1.6351035673891054e-09
13	46	-1.6351035673891054e-09
46	52	-0.0001968741416587438
52	46	-0.0001968741416587438
46	15	-6.660895585048257e-09
15	46	-6.660895585048257e-09
46	16	-0.0001960563803957036
16	46	-0.0001960563803957036
46	50	-0.00019605550242964237
50	46	-0.00019605550242964237
46	39	-0.00014922622157033342
39	46	-0.00014922622157033342
46	18	-0.00019546633555749427
18	46	-0.00019546633555749427
46	19	-0.00019546602568711974
19	46	-0.00019546602568711974
46	47	-0.0001954651477210585
47	46	-0.0001954651477210585
46	40	-0.00014922479272360634
40	46	-0.00014922479272360634
46	21	-0.0001974717728027511
21	46	-0.0001974717728027511
46	22	-0.00019747234050301817
22	46	-0.00019747234050301817
46	53	-0.00019747395760071952
53	46	-0.00019747395760071952
46	41	-0.00014923090405599332
41	46	-0.00014923090405599332
46	24	-0.0001957951424549355
24	46	-0.0001957951424549355
46	25	-0.00019579483258456095
25	46	-0.00019579483258456095
46	48	-0.00019579395461849974
48	46	-0.00019579395461849974
46	42	-0.00014922398361762835
42	46	-0.00014922398361762835
46	43	-0.0001974134300057299
43	46	-0.0001974134300057299
46	27	-0.00019741399746013306
27	46	-0.00019741399746013306
46	28	-0.00019741561385887266
28	46	-0.00019741561385887266
46	29	-0.00014923603413219427
29	46	-0.00014923603413219427
11	2	-2.4722867567944243e-08
2	11	-2.4722867567944243e-08
11	3	-5.4912848923977205e-09
3	11	-5.4912848923977205e-09
11	51	-4.906909122500791e-05
51	11	-4.906909122500791e-05
11	35	-6.418012504087566e-05
35	11	-6.418012504087566e-05
11	36	-4.9280802924072176e-05
36	11	-4.9280802924072176e-05
11	5	-2.6978686820687538e-08
5	11	-2.6978686820687538e-08
11	6	-1.1552205147077362e-08
6	11	-1.1552205147077362e-08
11	9	-2.0871439674009593e-08
9	11	-2.0871439674009593e-08
11	10	-2.1030937575448533e-08
10	11	-2.1030937575448533e-08
11	38	-6.418613615645044e-05
38	11	-6.418613615645044e-05
11	12	-1.2144625923850566e-08
12	11	-1.2144625923850566e-08
11	13	-7.701470098051573e-09
13	11	-7.701470098051573e-09
11	52	-4.830728645720916e-05
52	11	-4.830728645720916e-05
11	15	-1.4354811129504417e-08
15	11	-1.4354811129504417e-08
11	16	-4.885249536069922e-05
16	11	-4.885249536069922e-05
11	50	-4.885345993064924e-05
50	11	-4.885345993064924e-05
11	39	-6.418631382613901e-05
39	11	-6.418631382613901e-05
11	18	-4.9001433895789206e-05
18	11	-4.9001433895789206e-05
11	19	-4.9001772524666565e-05
19	11	-4.9001772524666565e-05
11	47	-4.900274067772933e-05
47	11	-4.900274067772933e-05
11	40	-6.418922978234675e-05
40	11	-6.418922978234675e-05
11	21	-4.845182486050076e-05
21	11	-4.845182486050076e-05
11	22	-4.8452158878269776e-05
22	11	-4.8452158878269776e-05
11	53	-4.845311387006128e-05
53	11	-4.845311387006128e-05
11	41	-6.417728212240562e-05
41	11	-6.417728212240562e-05
11	24	-4.891915842022163e-05
24	11	-4.891915842022163e-05
11	25	-4.891949635033766e-05
25	11	-4.891949635033766e-05
11	48	-4.8920462508949175e-05
48	11	-4.8920462508949175e-05
11	42	-6.418957774080708e-05
42	11	-6.418957774080708e-05
11	43	-4.8434020774395615e-05
43	11	-4.8434020774395615e-05
11	27	-4.8434354673423346e-05
27	11	-4.8434354673423346e-05
11	28	-4.8435309326438046e-05
28	11	-4.8435309326438046e-05
11	29	-6.416896999561402e-05
29	11	-6.416896999561402e-05
1	49	-4.805879312080681e-05
49	1	-4.805879312080681e-05
1	52	-4.797166446074914e-05
52	1	-4.797166446074914e-05
1	50	-4.8514068017530224e-05
50	1	-4.8514068017530224e-05
1	47	-4.8662323897242864e-05
47	1	-4.8662323897242864e-05
1	53	-4.811646652375413e-05
53	1	-4.811646652375413e-05
1	48	-4.858061730607108e-05
48	1	-4.858061730607108e-05
1	28	-4.809875353744026e-05
28	1	-4.809875353744026e-05
2	51	-0.00019757007021990242
51	2	-0.00019757007021990242
2	35	-5.218096420908865e-09
35	2	-5.218096420908865e-09
2	6	-4.70538663293071e-10
6	2	-4.70538663293071e-10
2	7	-1.807017848933998e-05
7	2	-1.807017848933998e-05
2	49	-3.281827726075988e-09
49	2	-3.281827726075988e-09
2	38	-9.88952455285187e-09
38	2	-9.88952455285187e-09
2	52	-0.00019450536098437673
52	2	-0.00019450536098437673
2	50	-3.312917432704648e-09
50	2	-3.312917432704648e-09
2	39	-9.889551927435428e-09
39	2	-9.889551927435428e-09
2	47	-5.080068477643508e-09
47	2	-5.080068477643508e-09
2	40	-1.2191154217708815e-08
40	2	-1.2191154217708815e-08
2	53	-0.00019509896866947948
53	2	-0.00019509896866947948
2	41	-2.871070168363206e-09
41	2	-2.871070168363206e-09
2	48	-5.0715387765321516e-09
48	2	-5.0715387765321516e-09
2	42	-1.2191220303799357e-08
42	2	-1.2191220303799357e-08
2	28	-0.00019504126637043202
28	2	-0.00019504126637043202
2	29	-0.0001510608436683549
29	2	-0.0001510608436683549
3	35	-1.3676032389357805e-09
35	3	-1.3676032389357805e-09
3	49	-3.7809962943497295e-10
49	3	-3.7809962943497295e-10
3	38	-3.692518521222307e-09
38	3	-3.692518521222307e-09
3	52	-0.00019450505216297485
52	3	-0.00019450505216297485
3	50	-3.8168231927953976e-10
50	3	-3.8168231927953976e-10
3	39	-3.692528745126593e-09
39	3	-3.692528745126593e-09
3	47	-3.4802887086578577e-10
47	3	-3.4802887086578577e-10
3	40	-1.3220137189950563e-09
40	3	-1.3220137189950563e-09
3	53	-0.00019509840399616483
53	3	-0.00019509840399616483
3	41	-2.8719787297360344e-09
41	3	-2.8719787297360344e-09
3	48	-3.474443797481358e-10
48	3	-3.474443797481358e-10
3	42	-1.322020887327263e-09
42	3	-1.322020887327263e-09
3	28	-0.00019504070192610015
28	3	-0.00019504070192610015
3	29	-0.00015106114505290287
29	3	-0.00015106114505290287
51	1	-4.872817647758146e-05
1	51	-4.872817647758146e-05
51	36	-0.00019670023507495395
36	51	-0.00019670023507495395
51	5	-1.4809502494632808e-09
5	51	-1.4809502494632808e-09
51	6	-1.4813268587837713e-09
6	51	-1.4813268587837713e-09
51	7	-4.382504810391612e-05
7	51	-4.382504810391612e-05
51	9	-0.00019484211460301702
9	51	-0.00019484211460301702
51	10	-0.00019484242324457166
10	51	-0.00019484242324457166
51	49	-0.00019484329784854524
49	51	-0.00019484329784854524
51	38	-0.00015104651677609482
38	51	-0.00015104651677609482
51	12	-0.0001945020166588975
12	51	-0.0001945020166588975
51	13	-0.00019450257802990697
13	51	-0.00019450257802990697
51	52	-0.00019450417716900293
52	51	-0.00019450417716900293
51	15	-0.00019668834278379938
15	51	-0.00019668834278379938
51	16	-0.00019668865483625262
16	51	-0.00019668865483625262
51	50	-0.00019668953902452066
50	51	-0.00019668953902452066
51	39	-0.00015104609853562698
39	51	-0.00015104609853562698
51	18	-0.0001972824279187556
18	51	-0.0001972824279187556
51	19	-0.00019728274106793045
19	51	-0.00019728274106793045
51	47	-0.0001972836283375365
47	51	-0.0001972836283375365
51	40	-0.0001510433065340908
40	51	-0.0001510433065340908
51	21	-0.00019509462492575154
21	51	-0.00019509462492575154
51	22	-0.00019509518894133467
22	51	-0.00019509518894133467
51	53	-0.00019509679559967768
53	51	-0.00019509679559967768
51	41	-0.00015105494228332151
41	51	-0.00015105494228332151
51	24	-0.00019695110564951093
24	51	-0.00019695110564951093
51	25	-0.00019695141818537528
25	51	-0.00019695141818537528
51	48	-0.00019695230373180996
48	51	-0.00019695230373180996
51	42	-0.00015104248748713786
42	51	-0.00015104248748713786
51	43	-0.0001950369244464842
43	51	-0.0001950369244464842
51	27	-0.0001950374882181942
27	51	-0.0001950374882181942
51	28	-0.00019503909418321585
28	51	-0.00019503909418321585
51	29	-0.00015106200102793502
29	51	-0.00015106200102793502
35	36	-0.00015171628535508896
36	35	-0.00015171628535508896
35	5	-7.473954698943695e-09
5	35	-7.473954698943695e-09
35	6	-7.476231039515585e-09
6	35	-7.476231039515585e-09
35	7	-0.0001975601349733956
7	35	-0.0001975601349733956
35	9	-1.3671485198428092e-09
9	35	-1.3671485198428092e-09
35	10	-1.5266491804911372e-09
10	35	-1.5266491804911372e-09
35	49	-0.00014896950697083867
49	35	-0.00014896950697083867
35	38	-0.00019756348544360504
38	35	-0.00019756348544360504
35	12	-0.00014870486815587243
12	35	-0.00014870486815587243
35	13	-0.00014870535793222987
13	35	-0.00014870535793222987
35	15	-0.0001503791481081009
15	35	-0.0001503791481081009
35	16	-0.0001503796460335539
16	35	-0.0001503796460335539
35	50	-0.0001503810655054547
50	35	-0.0001503810655054547
35	39	-0.00019756293841524683
39	35	-0.00019756293841524683
35	18	-0.00015083504445494115
18	35	-0.00015083504445494115
35	19	-0.0001508353453313781
19	35	-0.0001508353453313781
35	47	-0.0001508361998736513
47	35	-0.0001508361998736513
35	40	-0.0001975587446889191
40	35	-0.0001975587446889191
35	21	-0.00014915751889615065
21	35	-0.00014915751889615065
35	22	-0.00014915801087882175
22	35	-0.00014915801087882175
35	53	-0.00014915941344250522
53	35	-0.00014915941344250522
35	41	-0.00019756840863713998
41	35	-0.00019756840863713998
35	24	-0.00015058172737172373
24	35	-0.00015058172737172373
35	25	-0.000150582027676038
25	35	-0.000150582027676038
35	48	-0.00015058288060497424
48	35	-0.00015058288060497424
35	42	-0.000197557673437533
42	35	-0.000197557673437533
35	43	-0.0001491123158581618
43	35	-0.0001491123158581618
35	27	-0.0001491128076361484
27	35	-0.0001491128076361484
35	28	-0.00014911420961754595
28	35	-0.00014911420961754595
35	29	-0.0001975555082563576
29	35	-0.0001975555082563576
36	6	-0.00019757006034054332
6	36	-0.00019757006034054332
36	7	-4.4013512806999955e-05
7	36	-4.4013512806999955e-05
36	49	-0.0001939833102413954
49	36	-0.0001939833102413954
36	38	-0.0001517103616700659
38	36	-0.0001517103616700659
36	52	-0.00019364567082856557
52	36	-0.00019364567082856557
36	50	-0.00019582140258931932
50	36	-0.00019582140258931932
36	39	-0.0001517099415754495
39	36	-0.0001517099415754495
36	47	-0.00019641287750407383
47	36	-0.00019641287750407383
36	40	-0.00015170713125640375
40	36	-0.00015170713125640375
36	53	-0.00019423739150738997
53	36	-0.00019423739150738997
36	41	-0.00015171884264539895
41	36	-0.00015171884264539895
36	48	-0.00019608301526589914
48	36	-0.00019608301526589914
36	42	-0.00015170630857847477
42	36	-0.00015170630857847477
36	28	-0.0001941837787520689
28	36	-0.0001941837787520689
36	29	-0.00015172766160585804
29	36	-0.00015172766160585804
5	7	-1.2760026363052778e-09
7	5	-1.2760026363052778e-09
5	49	-4.982879793518513e-09
49	5	-4.982879793518513e-09
5	38	-1.2145429923202871e-08
38	5	-1.2145429923202871e-08
5	52	-1.4579582817551263e-09
52	5	-1.4579582817551263e-09
5	50	-5.030084060127472e-09
50	5	-5.030084060127472e-09
5	39	-1.2145463542219081e-08
39	5	-1.2145463542219081e-08
5	47	-6.8024204615020915e-09
47	5	-6.8024204615020915e-09
5	40	-1.444708742808857e-08
40	5	-1.444708742808857e-08
5	53	-0.00019423708173952698
53	5	-0.00019423708173952698
5	41	-5.12691101493429e-09
41	5	-5.12691101493429e-09
5	48	-6.790998841178322e-09
48	5	-6.790998841178322e-09
5	42	-1.4447165743193999e-08
42	5	-1.4447165743193999e-08
5	28	-0.00019418321541444174
28	5	-0.00019418321541444174
5	29	-0.00015172816615352254
29	5	-0.00015172816615352254
6	9	-3.987228640624004e-09
9	6	-3.987228640624004e-09
6	10	-4.245024703629749e-09
10	6	-4.245024703629749e-09
6	49	-4.984040569824667e-09
49	6	-4.984040569824667e-09
6	38	-1.2148841801305509e-08
38	6	-1.2148841801305509e-08
6	12	-4.632316603097285e-10
12	6	-4.632316603097285e-10
6	13	-7.205827704253315e-10
13	6	-7.205827704253315e-10
6	52	-1.4583232865799479e-09
52	6	-1.4583232865799479e-09
6	15	-4.025009660885157e-09
15	6	-4.025009660885157e-09
6	16	-4.285248483363129e-09
16	6	-4.285248483363129e-09
6	50	-5.031266935957594e-09
50	6	-5.031266935957594e-09
6	39	-1.2148875439212816e-08
39	6	-1.2148875439212816e-08
6	18	-5.79467508580387e-09
18	6	-5.79467508580387e-09
6	19	-6.055698086154924e-09
19	6	-6.055698086154924e-09
6	47	-6.803964425426136e-09
47	6	-6.803964425426136e-09
6	40	-1.445097754901488e-08
40	6	-1.445097754901488e-08
6	21	-0.0001942350198180176
21	6	-0.0001942350198180176
6	22	-0.00019423532871359883
22	6	-0.00019423532871359883
6	53	-0.00019423620406391518
53	6	-0.00019423620406391518
6	41	-5.128533445957198e-09
41	6	-5.128533445957198e-09
6	24	-5.784943327536202e-09
24	6	-5.784943327536202e-09
6	25	-6.045527955027752e-09
25	6	-6.045527955027752e-09
6	48	-6.792537624076079e-09
48	6	-6.792537624076079e-09
6	42	-1.4451055906301413e-08
42	6	-1.4451055906301413e-08
6	43	-0.00019417944620848165
43	6	-0.00019417944620848165
6	27	-0.0001941800086494817
27	6	-0.0001941800086494817
6	28	-0.00019418161084433977
28	6	-0.00019418161084433977
6	29	-0.00015172960446644936
29	6	-0.00015172960446644936
7	9	-4.322213069346907e-05
9	7	-4.322213069346907e-05
7	10	-4.3222456080790546e-05
10	7	-4.3222456080790546e-05
7	49	-4.322338660805741e-05
49	7	-4.322338660805741e-05
7	38	-0.00019755133748617097
38	7	-0.00019755133748617097
7	12	-4.3143418962503135e-05
12	7	-4.3143418962503135e-05
7	52	-4.3144672220607045e-05
52	7	-4.3144672220607045e-05
7	15	-4.363157526809131e-05
15	7	-4.363157526809131e-05
7	16	-4.363190438482678e-05
16	7	-4.363190438482678e-05
7	50	-4.3632845560266246e-05
50	7	-4.3632845560266246e-05
7	39	-0.0001975507904742834
39	7	-0.0001975507904742834
7	18	-4.376508373582434e-05
18	7	-4.376508373582434e-05
7	19	-4.3765414057980684e-05
19	7	-4.3765414057980684e-05
7	47	-4.3766358675004655e-05
47	7	-4.3766358675004655e-05
7	40	-1.3216207998117683e-09
40	7	-1.3216207998117683e-09
7	21	-4.327346684760789e-05
21	7	-4.327346684760789e-05
7	22	-4.327379274162966e-05
22	7	-4.327379274162966e-05
7	53	-4.327472471581683e-05
53	7	-4.327472471581683e-05
7	41	-0.00019756400963425304
41	7	-0.00019756400963425304
7	24	-4.3691601882862905e-05
24	7	-4.3691601882862905e-05
7	25	-4.369193153413415e-05
25	7	-4.369193153413415e-05
7	48	-4.3692874235690894e-05
48	7	-4.3692874235690894e-05
7	42	-1.3216279638835585e-09
42	7	-1.3216279638835585e-09
7	43	-4.325707144761738e-05
43	7	-4.325707144761738e-05
7	27	-4.325739722731711e-05
27	7	-4.325739722731711e-05
7	28	-4.325832887524894e-05
28	7	-4.325832887524894e-05
7	29	-0.0001975676564750514
29	7	-0.0001975676564750514
9	49	-3.7800358216523625e-10
49	9	-3.7800358216523625e-10
9	38	-6.038365344096781e-09
38	9	-6.038365344096781e-09
9	52	-0.00019722712850217381
52	9	-0.00019722712850217381
9	50	-3.815844434264802e-10
50	9	-3.815844434264802e-10
9	39	-6.038382058055395e-09
39	9	-6.038382058055395e-09
9	47	-2.139846070962305e-09
47	9	-2.139846070962305e-09
9	40	-8.339882978122512e-09
40	9	-8.339882978122512e-09
9	53	-0.0001973125636588209
53	9	-0.0001973125636588209
9	41	-0.00014897001152713732
41	9	-0.00014897001152713732
9	48	-2.13625323405508e-09
48	9	-2.13625323405508e-09
9	42	-8.339928185885878e-09
42	9	-8.339928185885878e-09
9	28	-0.00019736625375482654
28	9	-0.00019736625375482654
9	29	-0.0001489751330535809
29	9	-0.0001489751330535809
10	38	-6.197869334318206e-09
38	10	-6.197869334318206e-09
10	52	-0.00019722656278714964
52	10	-0.00019722656278714964
10	50	-5.029976754258159e-10
50	10	-5.029976754258159e-10
10	39	-6.197886489777614e-09
39	10	-6.197886489777614e-09
10	47	-2.2616259286593475e-09
47	10	-2.2616259286593475e-09
10	40	-8.499388936720483e-09
40	10	-8.499388936720483e-09
10	53	-0.00019731287294507066
53	10	-0.00019731287294507066
10	41	-0.00014897030819778221
41	10	-0.00014897030819778221
10	48	-2.2578286213590283e-09
48	10	-2.2578286213590283e-09
10	42	-8.499435009113205e-09
42	10	-8.499435009113205e-09
10	28	-0.00019736656305508745
28	10	-0.00019736656305508745
10	29	-0.00014897542972556232
29	10	-0.00014897542972556232
49	12	-0.0001972227745991614
12	49	-0.0001972227745991614
49	13	-0.00019722334021284705
13	49	-0.00019722334021284705
49	52	-0.00019722495137277816
52	49	-0.00019722495137277816
49	15	-0.00019571894221762307
15	49	-0.00019571894221762307
49	16	-0.00019571863286338079
16	49	-0.00019571863286338079
49	50	-0.0001957177563596944
50	49	-0.0001957177563596944
49	39	-0.00014896332740665295
39	49	-0.00014896332740665295
49	18	-0.00019512884095377572
18	49	-0.00019512884095377572
49	19	-0.00019512827699541644
19	49	-0.00019512827699541644
49	47	-0.00019512667063466044
47	49	-0.00019512667063466044
49	40	-0.0001489605922669074
40	49	-0.0001489605922669074
49	21	-0.0001973149351261617
21	49	-0.0001973149351261617
49	22	-0.0001973146257719194
22	49	-0.0001973146257719194
49	53	-0.00019731374926823297
53	49	-0.00019731374926823297
49	41	-0.00014897115087929936
41	49	-0.00014897115087929936
49	24	-0.00019545709894967374
24	49	-0.00019545709894967374
49	25	-0.00019545653456300076
25	49	-0.00019545653456300076
49	48	-0.00019545492697441844
48	49	-0.00019545492697441844
49	42	-0.00014895978453277858
42	49	-0.00014895978453277858
49	43	-0.00019736862527354145
43	49	-0.00019736862527354145
49	27	-0.00019736831591929917
27	49	-0.00019736831591929917
49	28	-0.00019736743941561275
28	49	-0.00019736743941561275
49	29	-0.00014897627241064354
29	49	-0.00014897627241064354
38	12	-0.000148699115836297
12	38	-0.000148699115836297
38	13	-0.00014869960559494503
13	38	-0.00014869960559494503
38	52	-0.00014870100183080046
52	38	-0.00014870100183080046
38	15	-0.0001503733010228207
15	38	-0.0001503733010228207
38	16	-0.00015037379893006884
16	38	-0.00015037379893006884
38	50	-0.0001503752183502325
50	38	-0.0001503752183502325
38	39	-0.00019757173644325163
39	38	-0.00019757173644325163
38	18	-0.00015082923790184842
18	38	-0.00015082923790184842
38	19	-0.00015082973803576925
19	38	-0.00015082973803576925
38	47	-0.0001508311637911029
47	38	-0.0001508311637911029
38	40	-0.0001975675425268399
40	38	-0.0001975675425268399
38	21	-0.00014915174091695914
21	38	-0.00014915174091695914
38	22	-0.0001491522328817871
22	38	-0.0001491522328817871
38	53	-0.00014915363539476077
53	38	-0.00014915363539476077
38	41	-0.00019755961075735415
41	38	-0.00019755961075735415
38	24	-0.00015057593502483768
24	38	-0.00015057593502483768
38	25	-0.00015057643391793284
25	38	-0.00015057643391793284
38	48	-0.00015057785614294603
48	38	-0.00015057785614294603
38	42	-0.0001975664712530848
42	38	-0.0001975664712530848
38	43	-0.0001491065402576159
43	38	-0.0001491065402576159
38	27	-0.0001491070320177716
27	38	-0.0001491070320177716
38	28	-0.00014910843394849406
28	38	-0.00014910843394849406
38	29	-0.00019754671098409614
29	38	-0.00019754671098409614
12	52	-0.00019757010458953047
52	12	-0.00019757010458953047
12	50	-0.00019537148581397142
50	12	-0.00019537148581397142
12	39	-0.00014869870409291316
39	12	-0.00014869870409291316
12	47	-0.000194781435258857
47	12	-0.000194781435258857
12	40	-0.00014869597604985692
40	12	-0.00014869597604985692
12	53	-0.0001969691901747656
53	12	-0.0001969691901747656
12	41	-0.00014870734767289046
41	12	-0.00014870734767289046
12	48	-0.00019510911840899103
48	12	-0.00019510911840899103
12	42	-0.00014869516972613512
42	12	-0.00014869516972613512
12	28	-0.00019702278779353628
28	12	-0.00019702278779353628
12	29	-0.00014871501723269935
29	12	-0.00014871501723269935
13	50	-0.00019537204853400787
50	13	-0.00019537204853400787
13	39	-0.00014869919385091757
39	13	-0.00014869919385091757
13	47	-0.0001947819970516902
47	13	-0.0001947819970516902
13	40	-0.00014869646579930218
40	13	-0.00014869646579930218
13	53	-0.00019696949883883915
53	13	-0.00019696949883883915
13	41	-0.00014870783745750415
41	13	-0.00014870783745750415
13	48	-0.00019510968071400353
48	13	-0.00019510968071400353
13	42	-0.0001486956594743201
42	13	-0.0001486956594743201
13	28	-0.0001970230964715727
28	13	-0.0001970230964715727
13	29	-0.00014871531332592142
29	13	-0.00014871531332592142
52	15	-0.00019537581930048763
15	52	-0.00019537581930048763
52	16	-0.00019537525599688406
16	52	-0.00019537525599688406
52	50	-0.00019537365149521695
50	52	-0.00019537365149521695
52	39	-0.00014870059008494958
39	52	-0.00014870059008494958
52	18	-0.00019478576220019212
18	52	-0.00019478576220019212
52	19	-0.00019478519967010044
19	52	-0.00019478519967010044
52	47	-0.00019478359738573243
47	52	-0.00019478359738573243
52	40	-0.0001486978620090077
40	52	-0.0001486978620090077
52	21	-0.0001969715572294289
21	52	-0.0001969715572294289
52	22	-0.00019697124840802703
22	52	-0.00019697124840802703
52	53	-0.0001969703734140551
53	52	-0.0001969703734140551
52	41	-0.00014870923376715918
41	52	-0.00014870923376715918
52	24	-0.00019511344896406982
24	52	-0.00019511344896406982
52	25	-0.00019511288600715387
25	52	-0.00019511288600715387
52	48	-0.00019511128249922912
48	52	-0.00019511128249922912
52	42	-0.0001486970556804548
42	52	-0.0001486970556804548
52	43	-0.00019702515489939686
43	52	-0.00019702515489939686
52	27	-0.000197024846077995
27	52	-0.000197024846077995
52	28	-0.00019702397108402304
28	52	-0.00019702397108402304
52	29	-0.00014871615437883477
29	52	-0.00014871615437883477
15	50	-0.0001975700801484486
50	15	-0.0001975700801484486
