1	0	-0.00013171485565535503
0	1	-0.00013171485565535503
4	14	-0.00015880576558886691
14	4	-0.00015880576558886691
7	1	-1.807017848933998e-05
1	7	-1.807017848933998e-05
1	46	-0.00019605670748109897
46	1	-0.00019605670748109897
0	8	-1.676581701387706e-05
8	0	-1.676581701387706e-05
8	3	-0.00017628456561479032
3	8	-0.00017628456561479032
4	31	-0.00015877656509072282
31	4	-0.00015877656509072282
1	4	-0.0001587927773606635
4	1	-0.0001587927773606635
7	4	-0.0001587251529063254
4	7	-0.0001587251529063254
4	51	-0.0001213691821405798
51	4	-0.0001213691821405798
0	3	-1.0845455549361338e-08
3	0	-1.0845455549361338e-08
3	2	-0.00017884113635602492
2	3	-0.00017884113635602492
4	2	-0.00012136743315362223
2	4	-0.00012136743315362223
4	8	-0.00015876538418296818
8	4	-0.00015876538418296818
7	37	-0.0001901935355023199
37	7	-0.0001901935355023199
0	7	-1.807017848933998e-05
7	0	-1.807017848933998e-05
7	6	-4.401479679629143e-05
6	7	-4.401479679629143e-05
13	7	-4.3143743660733264e-05
7	13	-4.3143743660733264e-05
7	3	-4.3824101841182025e-05
3	7	-4.3824101841182025e-05
3	32	-1.0852299091909558e-08
32	3	-1.0852299091909558e-08
4	32	-0.00015878499234151728
32	4	-0.00015878499234151728
7	11	-0.00017646777469834077
11	7	-0.00017646777469834077
0	9	-1.6179041902620065e-05
9	0	-1.6179041902620065e-05
7	14	-0.00017526789848854078
14	7	-0.00017526789848854078
0	13	-0.0001969706998101232
13	0	-0.0001969706998101232
0	12	-0.0001969703911457368
12	0	-0.0001969703911457368
7	17	-0.00018328449729946935
17	7	-0.00018328449729946935
15	1	-0.00019697734541712278
1	15	-0.00019697734541712278
0	6	-1.8790418437020857e-05
6	0	-1.8790418437020857e-05
3	33	-6.953679039984056e-09
33	3	-6.953679039984056e-09
4	33	-0.00015878914445067096
33	4	-0.00015878914445067096
7	20	-0.00018555736937705703
20	7	-0.00018555736937705703
9	3	-0.00017689533366557623
3	9	-0.00017689533366557623
4	34	-0.00015877233106149463
34	4	-0.00015877233106149463
7	23	-0.00017740302632614804
23	7	-0.00017740302632614804
7	26	-0.00018427831651190746
26	7	-0.00018427831651190746
4	30	-0.00015876131483555443
30	4	-0.00015876131483555443
7	44	-0.00017722943745243904
44	7	-0.00017722943745243904
45	1	-0.00019605552109842002
1	45	-0.00019605552109842002
1	9	-1.6179041902620065e-05
9	1	-1.6179041902620065e-05
1	12	-0.00019364452507853822
12	1	-0.00019364452507853822
1	21	-0.0001959741753997605
21	1	-0.0001959741753997605
1	43	-0.0001959208242051386
43	1	-0.0001959208242051386
45	3	-1.058722764975212e-08
3	45	-1.058722764975212e-08
1	10	-0.0001951287132102116
10	1	-0.0001951287132102116
1	13	-0.00019364483287649244
13	1	-0.00019364483287649244
1	22	-0.00019597448474980336
22	1	-0.00019597448474980336
1	27	-0.00019592113346433311
27	1	-0.00019592113346433311
3	1	-1.9490770143650516e-08
1	3	-1.9490770143650516e-08
3	5	-0.00015922941445128502
5	3	-0.00015922941445128502
3	10	-0.00017647558202636977
10	3	-0.00017647558202636977
3	12	-0.000195565689978908
12	3	-0.000195565689978908
3	15	-0.00019593638200142674
15	3	-0.00019593638200142674
45	7	-4.330788449772941e-05
7	45	-4.330788449772941e-05
46	3	-1.1585709004081205e-08
3	46	-1.1585709004081205e-08
46	7	-4.330914309398375e-05
7	46	-4.330914309398375e-05
11	3	-1.852887343511767e-08
3	11	-1.852887343511767e-08
11	6	-4.928211913353412e-05
6	11	-4.928211913353412e-05
1	49	-0.00019571895940396984
49	1	-0.00019571895940396984
1	52	-0.00019537833046046803
52	1	-0.00019537833046046803
1	53	-0.00019597536131201856
53	1	-0.00019597536131201856
1	28	-0.00019592200977144986
28	1	-0.00019592200977144986
2	7	-4.382377094268411e-05
7	2	-4.382377094268411e-05
3	40	-0.00015104187775112938
40	3	-0.00015104187775112938
3	42	-0.00015104105870786087
42	3	-0.00015104105870786087
51	7	-4.382504810391612e-05
7	51	-4.382504810391612e-05
36	7	-4.4013512806999955e-05
7	36	-4.4013512806999955e-05
5	7	-4.401384547663009e-05
7	5	-4.401384547663009e-05
7	9	-4.322213069346907e-05
9	7	-4.322213069346907e-05
7	10	-4.3222456080790546e-05
10	7	-4.3222456080790546e-05
7	49	-4.322338660805741e-05
49	7	-4.322338660805741e-05
7	12	-4.3143418962503135e-05
12	7	-4.3143418962503135e-05
7	52	-4.3144672220607045e-05
52	7	-4.3144672220607045e-05
7	15	-4.363157526809131e-05
15	7	-4.363157526809131e-05
7	16	-4.363190438482678e-05
16	7	-4.363190438482678e-05
7	50	-4.3632845560266246e-05
50	7	-4.3632845560266246e-05
7	18	-4.376508373582434e-05
18	7	-4.376508373582434e-05
7	19	-4.3765414057980684e-05
19	7	-4.3765414057980684e-05
7	47	-4.3766358675004655e-05
47	7	-4.3766358675004655e-05
7	21	-4.327346684760789e-05
21	7	-4.327346684760789e-05
7	22	-4.327379274162966e-05
22	7	-4.327379274162966e-05
7	53	-4.327472471581683e-05
53	7	-4.327472471581683e-05
7	24	-4.3691601882862905e-05
24	7	-4.3691601882862905e-05
7	25	-4.369193153413415e-05
25	7	-4.369193153413415e-05
7	48	-4.3692874235690894e-05
48	7	-4.3692874235690894e-05
7	43	-4.325707144761738e-05
43	7	-4.325707144761738e-05
7	27	-4.325739722731711e-05
27	7	-4.325739722731711e-05
7	28	-4.325832887524894e-05
28	7	-4.325832887524894e-05
45	4	-0.00011991264577899903
4	45	-0.00011991264577899903
0	4	-0.00011991309198385574
4	0	-0.00011991309198385574
46	4	-0.00011991436484435738
4	46	-0.00011991436484435738
1	6	-1.8790418437020857e-05
6	1	-1.8790418437020857e-05
3	4	-2.0018844994837645e-07
4	3	-2.0018844994837645e-07
3	37	-2.0393521319792882e-07
37	3	-2.0393521319792882e-07
3	14	-1.9492364728487318e-08
14	3	-1.9492364728487318e-08
3	17	-1.9652632669981908e-07
17	3	-1.9652632669981908e-07
3	20	-1.9896362876999788e-07
20	3	-1.9896362876999788e-07
3	23	-1.9021938825581662e-07
23	3	-1.9021938825581662e-07
3	26	-1.975920426873013e-07
26	3	-1.975920426873013e-07
3	44	-1.9003324245860534e-07
44	3	-1.9003324245860534e-07
4	36	-0.00012190133486818277
36	4	-0.00012190133486818277
4	5	-0.00012190179171722085
5	4	-0.00012190179171722085
4	6	-0.00012190309488068843
6	4	-0.00012190309488068843
4	9	-0.00011969499232919006
9	4	-0.00011969499232919006
4	10	-0.0001196954374250521
10	4	-0.0001196954374250521
4	49	-0.00011969670712855249
49	4	-0.00011969670712855249
4	11	-0.00015875288674131667
11	4	-0.00015875288674131667
4	12	-0.00011948323716365267
12	4	-0.00011948323716365267
4	13	-0.00011948368115426023
13	4	-0.00011948368115426023
4	52	-0.00011948494771122801
52	4	-0.00011948494771122801
4	15	-0.00012082886667625094
15	4	-0.00012082886667625094
4	16	-0.00012082931778027663
16	4	-0.00012082931778027663
4	50	-0.00012083060458846529
50	4	-0.00012083060458846529
4	18	-0.0001211954826759995
18	4	-0.0001211954826759995
4	19	-0.00012119593572327276
19	4	-0.00012119593572327276
4	47	-0.00012119722806357402
47	4	-0.00012119722806357402
4	21	-0.00011984650246335681
21	4	-0.00011984650246335681
4	22	-0.00011984694837974404
22	4	-0.00011984694837974404
4	53	-0.00011984822041934336
53	4	-0.00011984822041934336
4	24	-0.00012099199469248861
24	4	-0.00012099199469248861
4	25	-0.00012099244665710991
25	4	-0.00012099244665710991
4	48	-0.00012099373591526059
48	4	-0.00012099373591526059
4	43	-0.00011980928221277584
43	4	-0.00011980928221277584
4	27	-0.0001198097279495672
27	4	-0.0001198097279495672
4	28	-0.00011981099947796681
28	4	-0.00011981099947796681
6	14	-4.961990942247703e-05
14	6	-4.961990942247703e-05
1	8	-1.676581701387706e-05
8	1	-1.676581701387706e-05
35	4	-0.0001587361284102226
4	35	-0.0001587361284102226
4	38	-0.00015874411321200962
38	4	-0.00015874411321200962
4	39	-0.00015874455260949343
39	4	-0.00015874455260949343
4	40	-0.0001587483736543277
40	4	-0.0001587483736543277
4	41	-0.00015873255493893356
41	4	-0.00015873255493893356
4	42	-0.00015874923417706283
42	4	-0.00015874923417706283
4	29	-0.00015872099350302542
29	4	-0.00015872099350302542
