1	0	-0.00013171485565535503
0	1	-0.00013171485565535503
7	1	-1.807017848933998e-05
1	7	-1.807017848933998e-05
0	8	-1.676581701387706e-05
8	0	-1.676581701387706e-05
4	31	-0.00015877656509072282
31	4	-0.00015877656509072282
7	4	-0.0001866995573917504
4	7	-0.0001866995573917504
0	7	-1.807017848933998e-05
7	0	-1.807017848933998e-05
4	32	-0.00015878499234151728
32	4	-0.00015878499234151728
0	9	-1.6179041902620065e-05
9	0	-1.6179041902620065e-05
0	6	-1.8790418437020857e-05
6	0	-1.8790418437020857e-05
4	33	-0.00015878914445067096
33	4	-0.00015878914445067096
1	9	-0.0001954566805899139
9	1	-0.0001954566805899139
3	1	-0.0001510045770247591
1	3	-0.0001510045770247591
11	3	-0.00015104218323836404
3	11	-0.00015104218323836404
1	6	-1.8790418437020857e-05
6	1	-1.8790418437020857e-05
3	4	-0.00015711568686518858
4	3	-0.00015711568686518858
3	14	-0.00015099222231503614
14	3	-0.00015099222231503614
1	8	-1.676581701387706e-05
8	1	-1.676581701387706e-05
35	4	-0.0001587361284102226
4	35	-0.0001587361284102226
