1	0	-0.00013171485565535503
0	1	-0.00013171485565535503
7	1	-1.807017848933998e-05
1	7	-1.807017848933998e-05
0	8	-1.676581701387706e-05
8	0	-1.676581701387706e-05
8	3	-0.00018331090386541934
3	8	-0.00018331090386541934
4	31	-0.00015877656509072282
31	4	-0.00015877656509072282
1	4	-0.00018804886562552632
4	1	-0.00018804886562552632
7	4	-0.0001587251529063254
4	7	-0.0001587251529063254
4	2	-0.0001656382029586221
2	4	-0.0001656382029586221
4	8	-0.00015876538418296818
8	4	-0.00015876538418296818
7	37	-0.0001901935355023199
37	7	-0.0001901935355023199
0	7	-1.807017848933998e-05
7	0	-1.807017848933998e-05
7	6	-0.00018999930411613074
6	7	-0.00018999930411613074
13	7	-0.00017732768517547323
7	13	-0.00017732768517547323
7	3	-0.00017005462578349823
3	7	-0.00017005462578349823
4	32	-0.00015878499234151728
32	4	-0.00015878499234151728
7	11	-0.00017646777469834077
11	7	-0.00017646777469834077
0	9	-1.6179041902620065e-05
9	0	-1.6179041902620065e-05
7	14	-0.00017526789848854078
14	7	-0.00017526789848854078
7	17	-0.00018328449729946935
17	7	-0.00018328449729946935
0	6	-1.8790418437020857e-05
6	0	-1.8790418437020857e-05
3	33	-0.0001510034332477027
33	3	-0.0001510034332477027
4	33	-0.00015878914445067096
33	4	-0.00015878914445067096
7	20	-0.00018555736937705703
20	7	-0.00018555736937705703
7	23	-0.00017740302632614804
23	7	-0.00017740302632614804
7	26	-0.00018427831651190746
26	7	-0.00018427831651190746
7	44	-0.00017722943745243904
44	7	-0.00017722943745243904
1	9	-1.6179041902620065e-05
9	1	-1.6179041902620065e-05
3	1	-1.6880337543649468e-07
1	3	-1.6880337543649468e-07
45	7	-0.00014923310226479
7	45	-0.00014923310226479
46	7	-0.00014923424377003016
7	46	-0.00014923424377003016
11	3	-1.6763178840599637e-07
3	11	-1.6763178840599637e-07
2	7	-0.00015105864481246073
7	2	-0.00015105864481246073
5	7	-0.00014717935287804855
7	5	-0.00014717935287804855
7	9	-0.00017689533366557623
9	7	-0.00017689533366557623
7	10	-0.00017647558202636977
10	7	-0.00017647558202636977
7	12	-0.00019194878395315497
12	7	-0.00019194878395315497
7	15	-0.00019593638200142674
15	7	-0.00019593638200142674
0	4	-0.00013681811356205795
4	0	-0.00013681811356205795
1	6	-1.8790418437020857e-05
6	1	-1.8790418437020857e-05
3	4	-0.00012136788713653844
4	3	-0.00012136788713653844
3	14	-1.6649189408737536e-07
14	3	-1.6649189408737536e-07
4	5	-0.00016053132594432638
5	4	-0.00016053132594432638
4	6	-0.00012190309488068843
6	4	-0.00012190309488068843
4	9	-0.00019146318467332956
9	4	-0.00019146318467332956
4	12	-0.00017734398517411058
12	4	-0.00017734398517411058
4	13	-0.00016383536130342637
13	4	-0.00016383536130342637
1	8	-1.676581701387706e-05
8	1	-1.676581701387706e-05
35	4	-0.0001587361284102226
4	35	-0.0001587361284102226
