1	0	-0.00013171485565535503
0	1	-0.00013171485565535503
4	14	-0.00015880576558886691
14	4	-0.00015880576558886691
2	1	-0.0001510040759121269
1	2	-0.0001510040759121269
7	1	-1.807017848933998e-05
1	7	-1.807017848933998e-05
1	46	-0.0001954663527725151
46	1	-0.0001954663527725151
12	8	-0.0001780933259565364
8	12	-0.0001780933259565364
0	8	-1.676581701387706e-05
8	0	-1.676581701387706e-05
8	3	-0.00015777955596461897
3	8	-0.00015777955596461897
3	31	-0.00015101284155808609
31	3	-0.00015101284155808609
4	31	-0.00015877656509072282
31	4	-0.00015877656509072282
1	4	-0.0001587927773606635
4	1	-0.0001587927773606635
7	4	-0.0001587251529063254
4	7	-0.0001587251529063254
4	51	-0.0001213691821405798
51	4	-0.0001213691821405798
0	3	-9.0723096420848e-09
3	0	-9.0723096420848e-09
3	2	-0.0001647239114992729
2	3	-0.0001647239114992729
4	2	-0.00012136743315362223
2	4	-0.00012136743315362223
4	8	-0.00015876538418296818
8	4	-0.00015876538418296818
7	37	-0.0001901935355023199
37	7	-0.0001901935355023199
0	7	-1.807017848933998e-05
7	0	-1.807017848933998e-05
8	7	-0.00019752243452325255
7	8	-0.00019752243452325255
7	6	-4.401479679629143e-05
6	7	-4.401479679629143e-05
13	7	-4.3143743660733264e-05
7	13	-4.3143743660733264e-05
7	3	-4.3824101841182025e-05
3	7	-4.3824101841182025e-05
3	32	-6.9992769353282215e-09
32	3	-6.9992769353282215e-09
4	32	-0.00015878499234151728
32	4	-0.00015878499234151728
7	11	-6.417199544070157e-05
11	7	-6.417199544070157e-05
0	10	-0.00019731407598850894
10	0	-0.00019731407598850894
0	9	-1.6179041902620065e-05
9	0	-1.6179041902620065e-05
7	14	-6.461180620652237e-05
14	7	-6.461180620652237e-05
0	13	-0.00019687414214370827
13	0	-0.00019687414214370827
0	12	-0.00019687357710566618
12	0	-0.00019687357710566618
13	12	-0.00019757171731174075
12	13	-0.00019757171731174075
7	17	-0.00018328449729946935
17	7	-0.00018328449729946935
15	1	-0.00019582024188551615
1	15	-0.00019582024188551615
3	6	-0.00017683265151520044
6	3	-0.00017683265151520044
0	6	-1.8790418437020857e-05
6	0	-1.8790418437020857e-05
3	33	-6.953679039984056e-09
33	3	-6.953679039984056e-09
4	33	-0.00015878914445067096
33	4	-0.00015878914445067096
7	20	-0.00018555736937705703
20	7	-0.00018555736937705703
9	3	-0.0001701149053163454
3	9	-0.0001701149053163454
4	34	-0.00015877233106149463
34	4	-0.00015877233106149463
7	23	-0.00017740302632614804
23	7	-0.00017740302632614804
7	26	-0.00018427831651190746
26	7	-0.00018427831651190746
24	1	-0.0001972404917935052
1	24	-0.0001972404917935052
4	30	-0.00015876131483555443
30	4	-0.00015876131483555443
7	44	-0.00017722943745243904
44	7	-0.00017722943745243904
45	1	-0.00019546516695566728
1	45	-0.00019546516695566728
1	9	-1.6179041902620065e-05
9	1	-1.6179041902620065e-05
1	12	-0.0001524239296402302
12	1	-0.0001524239296402302
1	21	-0.00019538401655824506
21	1	-0.00019538401655824506
1	43	-0.00019533081208873934
43	1	-0.00019533081208873934
45	3	-8.814082205972494e-09
3	45	-8.814082205972494e-09
1	10	-0.0001939824706085574
10	1	-0.0001939824706085574
1	13	-0.0001649916532257883
13	1	-0.0001649916532257883
1	16	-0.00019697765754570954
16	1	-0.00019697765754570954
1	22	-0.00019538432575407256
22	1	-0.00019538432575407256
1	25	-0.00019724080440570532
25	1	-0.00019724080440570532
1	27	-0.00019533112119379516
27	1	-0.00019533112119379516
3	1	-1.4817544553652444e-08
1	3	-1.4817544553652444e-08
3	5	-0.0001525060988745376
5	3	-0.0001525060988745376
3	10	-0.00016971124282915407
10	3	-0.00016971124282915407
3	12	-0.00019450361792481402
12	3	-0.00019450361792481402
3	13	-0.0001945041793004225
13	3	-0.0001945041793004225
3	15	-0.00018842610701769083
15	3	-0.00018842610701769083
0	52	-0.00019722966329440903
52	0	-0.00019722966329440903
45	7	-4.330788449772941e-05
7	45	-4.330788449772941e-05
46	3	-9.812561860811717e-09
3	46	-9.812561860811717e-09
46	7	-4.330914309398375e-05
7	46	-4.330914309398375e-05
11	3	-1.385677127743118e-08
3	11	-1.385677127743118e-08
11	6	-1.6053985279515782e-07
6	11	-1.6053985279515782e-07
1	49	-0.0001951295880134147
49	1	-0.0001951295880134147
1	52	-0.0001947899742196835
52	1	-0.0001947899742196835
1	50	-0.0001969785419370006
50	1	-0.0001969785419370006
1	53	-0.0001953852019050463
53	1	-0.0001953852019050463
1	48	-0.0001972416901557022
48	1	-0.0001972416901557022
1	28	-0.00019533199708987492
28	1	-0.00019533199708987492
2	6	-0.00014544926139448187
6	2	-0.00014544926139448187
2	7	-4.382377094268411e-05
7	2	-4.382377094268411e-05
3	35	-0.000151050973449404
35	3	-0.000151050973449404
3	38	-0.00015104508796596412
38	3	-0.00015104508796596412
3	39	-0.0001510446697273777
39	3	-0.0001510446697273777
3	47	-0.00019728451581115718
47	3	-0.00019728451581115718
3	40	-8.342362433658432e-09
40	3	-8.342362433658432e-09
3	48	-0.00019695318971497833
48	3	-0.00019695318971497833
3	42	-8.342407668306494e-09
42	3	-8.342407668306494e-09
51	7	-4.382504810391612e-05
7	51	-4.382504810391612e-05
36	7	-4.4013512806999955e-05
7	36	-4.4013512806999955e-05
5	7	-4.401384547663009e-05
7	5	-4.401384547663009e-05
6	12	-0.000195565689978908
12	6	-0.000195565689978908
6	13	-0.00018439560001474824
13	6	-0.00018439560001474824
7	9	-4.322213069346907e-05
9	7	-4.322213069346907e-05
7	10	-4.3222456080790546e-05
10	7	-4.3222456080790546e-05
7	49	-4.322338660805741e-05
49	7	-4.322338660805741e-05
7	12	-4.3143418962503135e-05
12	7	-4.3143418962503135e-05
7	52	-4.3144672220607045e-05
52	7	-4.3144672220607045e-05
7	15	-4.363157526809131e-05
15	7	-4.363157526809131e-05
7	16	-4.363190438482678e-05
16	7	-4.363190438482678e-05
7	50	-4.3632845560266246e-05
50	7	-4.3632845560266246e-05
7	18	-4.376508373582434e-05
18	7	-4.376508373582434e-05
7	19	-4.3765414057980684e-05
19	7	-4.3765414057980684e-05
7	47	-4.3766358675004655e-05
47	7	-4.3766358675004655e-05
7	21	-4.327346684760789e-05
21	7	-4.327346684760789e-05
7	22	-4.327379274162966e-05
22	7	-4.327379274162966e-05
7	53	-4.327472471581683e-05
53	7	-4.327472471581683e-05
7	24	-4.3691601882862905e-05
24	7	-4.3691601882862905e-05
7	25	-4.369193153413415e-05
25	7	-4.369193153413415e-05
7	48	-4.3692874235690894e-05
48	7	-4.3692874235690894e-05
7	43	-4.325707144761738e-05
43	7	-4.325707144761738e-05
7	27	-4.325739722731711e-05
27	7	-4.325739722731711e-05
7	28	-4.325832887524894e-05
28	7	-4.325832887524894e-05
45	4	-0.00011991264577899903
4	45	-0.00011991264577899903
0	4	-0.00011991309198385574
4	0	-0.00011991309198385574
46	4	-0.00011991436484435738
4	46	-0.00011991436484435738
1	5	-0.00015167013451875908
5	1	-0.00015167013451875908
1	6	-1.6166177655109654e-07
6	1	-1.6166177655109654e-07
3	4	-1.925516313021976e-07
4	3	-1.925516313021976e-07
3	37	-1.9615546247223009e-07
37	3	-1.9615546247223009e-07
3	14	-1.4818756811130716e-08
14	3	-1.4818756811130716e-08
3	17	-1.89029211273863e-07
17	3	-1.89029211273863e-07
3	20	-1.9137353478358685e-07
20	3	-1.9137353478358685e-07
3	23	-1.8296287085198362e-07
23	3	-1.8296287085198362e-07
3	26	-1.9005427216997092e-07
26	3	-1.9005427216997092e-07
3	44	-1.827838261722215e-07
44	3	-1.827838261722215e-07
4	36	-0.00012190133486818277
36	4	-0.00012190133486818277
4	5	-0.00012190179171722085
5	4	-0.00012190179171722085
4	6	-0.00012190309488068843
6	4	-0.00012190309488068843
4	9	-0.00011969499232919006
9	4	-0.00011969499232919006
4	10	-0.0001196954374250521
10	4	-0.0001196954374250521
4	49	-0.00011969670712855249
49	4	-0.00011969670712855249
4	11	-0.00015875288674131667
11	4	-0.00015875288674131667
4	12	-0.00011948323716365267
12	4	-0.00011948323716365267
4	13	-0.00011948368115426023
13	4	-0.00011948368115426023
4	52	-0.00011948494771122801
52	4	-0.00011948494771122801
4	15	-0.00012082886667625094
15	4	-0.00012082886667625094
4	16	-0.00012082931778027663
16	4	-0.00012082931778027663
4	50	-0.00012083060458846529
50	4	-0.00012083060458846529
4	18	-0.0001211954826759995
18	4	-0.0001211954826759995
4	19	-0.00012119593572327276
19	4	-0.00012119593572327276
4	47	-0.00012119722806357402
47	4	-0.00012119722806357402
4	21	-0.00011984650246335681
21	4	-0.00011984650246335681
4	22	-0.00011984694837974404
22	4	-0.00011984694837974404
4	53	-0.00011984822041934336
53	4	-0.00011984822041934336
4	24	-0.00012099199469248861
24	4	-0.00012099199469248861
4	25	-0.00012099244665710991
25	4	-0.00012099244665710991
4	48	-0.00012099373591526059
48	4	-0.00012099373591526059
4	43	-0.00011980928221277584
43	4	-0.00011980928221277584
4	27	-0.0001198097279495672
27	4	-0.0001198097279495672
4	28	-0.00011981099947796681
28	4	-0.00011981099947796681
6	14	-1.5944827700789023e-07
14	6	-1.5944827700789023e-07
1	8	-1.676581701387706e-05
8	1	-1.676581701387706e-05
2	8	-0.0001648763561071451
8	2	-0.0001648763561071451
35	4	-0.0001587361284102226
4	35	-0.0001587361284102226
4	38	-0.00015874411321200962
38	4	-0.00015874411321200962
4	39	-0.00015874455260949343
39	4	-0.00015874455260949343
4	40	-0.0001587483736543277
40	4	-0.0001587483736543277
4	41	-0.00015873255493893356
41	4	-0.00015873255493893356
4	42	-0.00015874923417706283
42	4	-0.00015874923417706283
4	29	-0.00015872099350302542
29	4	-0.00015872099350302542
8	11	-6.418883148446471e-05
11	8	-6.418883148446471e-05
8	32	-0.0001975505344840975
32	8	-0.0001975505344840975
8	14	-6.462875107765378e-05
14	8	-6.462875107765378e-05
8	33	-0.00019754592965728654
33	8	-0.00019754592965728654
8	6	-0.00017628456561479032
6	8	-0.00017628456561479032
7	33	-0.00019749609054245393
33	7	-0.00019749609054245393
8	13	-0.00016452762339344085
13	8	-0.00016452762339344085
12	33	-0.00014865813713368296
33	12	-0.00014865813713368296
