1	0	-0.00013171485565535503
0	1	-0.00013171485565535503
4	14	-0.00018547384931147176
14	4	-0.00018547384931147176
7	1	-1.807017848933998e-05
1	7	-1.807017848933998e-05
0	8	-1.676581701387706e-05
8	0	-1.676581701387706e-05
8	3	-0.00018331090386541934
3	8	-0.00018331090386541934
4	31	-0.00015877656509072282
31	4	-0.00015877656509072282
1	4	-0.0001587927773606635
4	1	-0.0001587927773606635
7	4	-0.0001587251529063254
4	7	-0.0001587251529063254
4	2	-0.00012136743315362223
2	4	-0.00012136743315362223
4	8	-0.00015876538418296818
8	4	-0.00015876538418296818
7	37	-0.0001901935355023199
37	7	-0.0001901935355023199
0	7	-1.807017848933998e-05
7	0	-1.807017848933998e-05
7	6	-0.00015172645309608886
6	7	-0.00015172645309608886
13	7	-0.00017732768517547323
7	13	-0.00017732768517547323
7	3	-0.00017005462578349823
3	7	-0.00017005462578349823
4	32	-0.00015878499234151728
32	4	-0.00015878499234151728
7	11	-0.00017646777469834077
11	7	-0.00017646777469834077
0	9	-1.6179041902620065e-05
9	0	-1.6179041902620065e-05
7	14	-0.00017526789848854078
14	7	-0.00017526789848854078
7	17	-0.00018328449729946935
17	7	-0.00018328449729946935
0	6	-1.8790418437020857e-05
6	0	-1.8790418437020857e-05
3	33	-1.3154992806789522e-08
33	3	-1.3154992806789522e-08
4	33	-0.00015878914445067096
33	4	-0.00015878914445067096
7	20	-0.00018555736937705703
20	7	-0.00018555736937705703
7	23	-0.00017740302632614804
23	7	-0.00017740302632614804
7	26	-0.00018427831651190746
26	7	-0.00018427831651190746
7	44	-0.00017722943745243904
44	7	-0.00017722943745243904
1	9	-1.6179041902620065e-05
9	1	-1.6179041902620065e-05
3	1	-1.616758081626293e-07
1	3	-1.616758081626293e-07
3	5	-0.00019669903320231052
5	3	-0.00019669903320231052
45	7	-4.330788449772941e-05
7	45	-4.330788449772941e-05
46	7	-4.330914309398375e-05
7	46	-4.330914309398375e-05
11	3	-1.6055369031694717e-07
3	11	-1.6055369031694717e-07
2	7	-4.382377094268411e-05
7	2	-4.382377094268411e-05
5	7	-0.00014717935287804855
7	5	-0.00014717935287804855
7	9	-0.00017689533366557623
9	7	-0.00017689533366557623
7	10	-0.00017647558202636977
10	7	-0.00017647558202636977
7	12	-0.00019194878395315497
12	7	-0.00019194878395315497
7	15	-0.00019593638200142674
15	7	-0.00019593638200142674
45	4	-0.00011991264577899903
4	45	-0.00011991264577899903
0	4	-0.00011991309198385574
4	0	-0.00011991309198385574
46	4	-0.00011991436484435738
4	46	-0.00011991436484435738
1	6	-1.8790418437020857e-05
6	1	-1.8790418437020857e-05
3	4	-0.00012136788713653844
4	3	-0.00012136788713653844
3	14	-1.5946192698753215e-07
14	3	-1.5946192698753215e-07
4	5	-0.00012190179171722085
5	4	-0.00012190179171722085
4	6	-0.00012190309488068843
6	4	-0.00012190309488068843
4	9	-0.00011969499232919006
9	4	-0.00011969499232919006
4	10	-0.0001910088652520708
10	4	-0.0001910088652520708
4	11	-0.00018674370444911564
11	4	-0.00018674370444911564
4	12	-0.00017734398517411058
12	4	-0.00017734398517411058
4	13	-0.00016383536130342637
13	4	-0.00016383536130342637
4	15	-0.00018406365961234837
15	4	-0.00018406365961234837
4	47	-0.00012119722806357402
47	4	-0.00012119722806357402
4	48	-0.00012099373591526059
48	4	-0.00012099373591526059
1	8	-1.676581701387706e-05
8	1	-1.676581701387706e-05
35	4	-0.0001587361284102226
4	35	-0.0001587361284102226
4	38	-0.00015874411321200962
38	4	-0.00015874411321200962
4	39	-0.00015874455260949343
39	4	-0.00015874455260949343
4	40	-0.0001587483736543277
40	4	-0.0001587483736543277
4	42	-0.00015874923417706283
42	4	-0.00015874923417706283
