1	0	-0.00013171485565535503
0	1	-0.00013171485565535503
0	14	-0.00014917842063416492
14	0	-0.00014917842063416492
4	14	-0.00015880576558886691
14	4	-0.00015880576558886691
0	2	-0.00011927333391168085
2	0	-0.00011927333391168085
14	1	-0.00019755612096135792
1	14	-0.00019755612096135792
2	1	-2.024652525615816e-07
1	2	-2.024652525615816e-07
7	1	-1.481415162941282e-08
1	7	-1.481415162941282e-08
1	11	-0.0001975228733932575
11	1	-0.0001975228733932575
1	46	-0.00014919202890667876
46	1	-0.00014919202890667876
11	46	-0.000149229173234085
46	11	-0.000149229173234085
12	8	-0.0001780933259565364
8	12	-0.0001780933259565364
0	8	-9.070481595709034e-09
8	0	-9.070481595709034e-09
8	3	-0.00015777955596461897
3	8	-0.00015777955596461897
3	31	-2.3254926625520464e-09
31	3	-2.3254926625520464e-09
4	31	-2.507062332256524e-10
31	4	-2.507062332256524e-10
1	4	-0.00013681811356205795
4	1	-0.00013681811356205795
7	4	-1.7733596630468993e-07
4	7	-1.7733596630468993e-07
0	35	-0.00014922890638187773
35	0	-0.00014922890638187773
31	35	-0.000197522183860467
35	31	-0.000197522183860467
4	51	-0.0001213691821405798
51	4	-0.0001213691821405798
35	51	-0.00015105240231184648
51	35	-0.00015105240231184648
0	3	-3.804516946680724e-09
3	0	-3.804516946680724e-09
3	2	-0.00012856165618674195
2	3	-0.00012856165618674195
4	2	-4.63756574534983e-05
2	4	-4.63756574534983e-05
4	8	-1.9253407378481594e-07
8	4	-1.9253407378481594e-07
7	37	-1.8065471002932108e-07
37	7	-1.8065471002932108e-07
0	7	-5.5421158895983145e-09
7	0	-5.5421158895983145e-09
8	7	-0.00018331090386541934
7	8	-0.00018331090386541934
37	6	-1.730267310523305e-07
6	37	-1.730267310523305e-07
7	6	-4.401479679629143e-05
6	7	-4.401479679629143e-05
0	5	-0.00011529487701907426
5	0	-0.00011529487701907426
6	5	-0.0001409648400683985
5	6	-0.0001409648400683985
36	1	-0.0001516696301203541
1	36	-0.0001516696301203541
13	7	-4.3143743660733264e-05
7	13	-4.3143743660733264e-05
7	3	-4.3824101841182025e-05
3	7	-4.3824101841182025e-05
3	32	-4.650985325104093e-09
32	3	-4.650985325104093e-09
4	32	-4.923075183977901e-09
32	4	-4.923075183977901e-09
7	11	-1.3853532010696328e-08
11	7	-1.3853532010696328e-08
32	38	-0.00019752163696205228
38	32	-0.00019752163696205228
11	49	-0.0001489609931038738
49	11	-0.0001489609931038738
0	10	-0.00013227296945050485
10	0	-0.00013227296945050485
49	10	-0.00019757066797360107
10	49	-0.00019757066797360107
0	9	-1.6179041902620065e-05
9	0	-1.6179041902620065e-05
10	9	-0.00019757171633487115
9	10	-0.00019757171633487115
7	14	-1.4815363331766046e-08
14	7	-1.4815363331766046e-08
14	52	-0.0001486490978666729
52	14	-0.0001486490978666729
35	52	-0.00014870675421841523
52	35	-0.00014870675421841523
0	13	-8.95000081550037e-10
13	0	-8.95000081550037e-10
0	12	-4.251250387362683e-09
12	0	-4.251250387362683e-09
13	12	-0.00018252283220209842
12	13	-0.00018252283220209842
7	17	-1.7409218260260814e-07
17	7	-1.7409218260260814e-07
32	39	-0.000197522183860467
39	32	-0.000197522183860467
0	15	-0.00014685933755325154
15	0	-0.00014685933755325154
15	1	-4.85127681299607e-05
1	15	-4.85127681299607e-05
3	6	-0.00017683265151520044
6	3	-0.00017683265151520044
0	6	-3.803750346587662e-09
6	0	-3.803750346587662e-09
3	33	-2.2798947672078895e-09
33	3	-2.2798947672078895e-09
4	33	-7.225152855920501e-09
33	4	-7.225152855920501e-09
7	20	-1.762510627402842e-07
20	7	-1.762510627402842e-07
33	40	-0.00019752177368637203
40	33	-0.00019752177368637203
18	1	-0.00015078879938082502
1	18	-0.00015078879938082502
15	9	-0.00019571775813422303
9	15	-0.00019571775813422303
9	3	-0.00015225753956490585
3	9	-0.00015225753956490585
3	34	-0.00015101600852190737
34	3	-0.00015101600852190737
4	34	-0.00015877233106149463
34	4	-0.00015877233106149463
7	23	-1.6850568656095761e-07
23	7	-1.6850568656095761e-07
1	41	-0.000197502908135565
41	1	-0.000197502908135565
0	22	-0.00019749076296389525
22	0	-0.00019749076296389525
0	21	-0.00019749045321763127
21	0	-0.00019749045321763127
7	26	-1.750361585435906e-07
26	7	-1.750361585435906e-07
1	42	-0.00019752138915483548
42	1	-0.00019752138915483548
33	42	-0.0001975228447000921
42	33	-0.0001975228447000921
24	1	-0.00015053557984582796
1	24	-0.00015053557984582796
10	5	-0.00016656124926458087
5	10	-0.00016656124926458087
4	30	-0.00015876131483555443
30	4	-0.00015876131483555443
7	44	-1.6834080373483323e-07
44	7	-1.6834080373483323e-07
0	27	-0.00019743703470168655
27	0	-0.00019743703470168655
0	43	-0.00019743672504646796
43	0	-0.00019743672504646796
45	1	-0.0001491901335273931
1	45	-0.0001491901335273931
45	2	-0.0001951795872491929
2	45	-0.0001951795872491929
45	9	-0.0001972208429291178
9	45	-0.0001972208429291178
45	12	-3.993071025489554e-09
12	45	-3.993071025489554e-09
45	15	-0.00019605550388341572
15	45	-0.00019605550388341572
1	9	-1.9052239052289856e-07
9	1	-1.9052239052289856e-07
1	12	-1.3104826441403649e-08
12	1	-1.3104826441403649e-08
1	21	-0.0001491118514840641
21	1	-0.0001491118514840641
1	43	-0.00014906666440234605
43	1	-0.00014906666440234605
2	9	-1.6179041902620065e-05
9	2	-1.6179041902620065e-05
2	12	-0.00014709992957268202
12	2	-0.00014709992957268202
2	15	-0.00015325819162212103
15	2	-0.00015325819162212103
2	18	-0.00019728362861719682
18	2	-0.00019728362861719682
2	24	-0.00019695230433146166
24	2	-0.00019695230433146166
9	12	-0.0001718603621191177
12	9	-0.0001718603621191177
9	18	-0.00019512667297475665
18	9	-0.00019512667297475665
9	24	-0.00019545492900042107
24	9	-0.00019545492900042107
12	15	-0.0001903594451323159
15	12	-0.0001903594451323159
45	3	-3.546290887559246e-09
3	45	-3.546290887559246e-09
45	5	-0.000194316667943223
5	45	-0.000194316667943223
45	10	-0.00019722140949654507
10	45	-0.00019722140949654507
45	13	-6.368259825134158e-10
13	45	-6.368259825134158e-10
1	10	-4.805784112731551e-05
10	1	-4.805784112731551e-05
1	13	-8.660580952579796e-09
13	1	-8.660580952579796e-09
1	16	-0.00015033350982116198
16	1	-0.00015033350982116198
1	19	-0.0001507892994201164
19	1	-0.0001507892994201164
1	22	-0.00014911234335666444
22	1	-0.00014911234335666444
1	25	-0.0001505360786446601
25	1	-0.0001505360786446601
1	27	-0.00014906715607033286
27	1	-0.00014906715607033286
2	5	-0.00019098210286820096
5	2	-0.00019098210286820096
2	10	-0.00017185995224568417
10	2	-0.00017185995224568417
2	13	-0.00013471991823618093
13	2	-0.00013471991823618093
2	16	-0.0001966898519299585
16	2	-0.0001966898519299585
2	19	-0.00019728394176668894
19	2	-0.00019728394176668894
2	25	-0.00019695261686764222
25	2	-0.00019695261686764222
3	1	-6.449853709421271e-09
1	3	-6.449853709421271e-09
3	5	-0.00012459790534199346
5	3	-0.00012459790534199346
3	10	-0.00015189625048797216
10	3	-0.00015189625048797216
3	12	-0.00017503669489824915
12	3	-0.00017503669489824915
3	13	-0.00018946889595751283
13	3	-0.00018946889595751283
3	15	-0.00016864657092191112
15	3	-0.00016864657092191112
3	16	-0.0001966895396446439
16	3	-0.0001966895396446439
3	18	-4.071933844078397e-09
18	3	-4.071933844078397e-09
3	19	-4.332956389231543e-09
19	3	-4.332956389231543e-09
3	24	-4.065095311241657e-09
24	3	-4.065095311241657e-09
3	25	-4.325679485062963e-09
25	3	-4.325679485062963e-09
5	9	-0.00016613054045599128
9	5	-0.00016613054045599128
5	12	-0.00014256461564315993
12	5	-0.00014256461564315993
5	13	-0.0001305662988324494
13	5	-0.0001305662988324494
5	15	-0.00014853300913361588
15	5	-0.00014853300913361588
5	16	-0.0001958202067255979
16	5	-0.0001958202067255979
5	18	-0.00019641136470322982
18	5	-0.00019641136470322982
5	19	-0.00019641167762224465
19	5	-0.00019641167762224465
5	24	-0.00019608150532474672
24	5	-0.00019608150532474672
5	25	-0.00019608181763122346
25	5	-0.00019608181763122346
9	13	-0.0001587694360983255
13	9	-0.0001587694360983255
9	19	-0.00019512610902261106
19	9	-0.00019512610902261106
9	25	-0.00019545436461996694
25	9	-0.00019545436461996694
10	12	-0.0001714525578700215
12	10	-0.0001714525578700215
10	13	-0.00015839269506351592
13	10	-0.00015839269506351592
10	15	-0.000195718067004288
15	10	-0.000195718067004288
10	18	-0.00019512723629031266
18	10	-0.00019512723629031266
10	19	-0.00019512667233654904
19	10	-0.00019512667233654904
10	24	-0.00019545549282994878
24	10	-0.00019545549282994878
10	25	-0.0001954549284478753
25	10	-0.0001954549284478753
13	15	-0.00017585940927262775
15	13	-0.00017585940927262775
0	49	-0.00019723321404716335
49	0	-0.00019723321404716335
0	52	-0.00019688997690910315
52	0	-0.00019688997690910315
0	53	-0.00019749164058270095
53	0	-0.00019749164058270095
0	28	-0.0001974379120648685
28	0	-0.0001974379120648685
45	11	-0.0001492272776245516
11	45	-0.0001492272776245516
45	35	-0.00014922860914866548
35	45	-0.00014922860914866548
45	6	-3.545571686426068e-09
6	45	-3.545571686426068e-09
45	7	-5.283934503557298e-09
7	45	-5.283934503557298e-09
0	11	-0.00014922776988380898
11	0	-0.00014922776988380898
46	2	-0.00019518077279232388
2	46	-0.00019518077279232388
46	3	-4.544765493428586e-09
3	46	-4.544765493428586e-09
46	35	-0.00014922975064959916
35	46	-0.00014922975064959916
46	5	-0.0001943178526592799
5	46	-0.0001943178526592799
46	6	-4.543866755691834e-09
6	46	-4.543866755691834e-09
46	7	-6.282240022073939e-09
7	46	-6.282240022073939e-09
46	9	-0.00019721866217277544
9	46	-0.00019721866217277544
46	10	-0.00019721922873393001
10	46	-0.00019721922873393001
46	12	-4.9913687846614864e-09
12	46	-4.9913687846614864e-09
46	13	-1.6351035673891054e-09
13	46	-1.6351035673891054e-09
46	15	-0.00019605669026607816
15	46	-0.00019605669026607816
11	2	-2.0106003383645635e-07
2	11	-2.0106003383645635e-07
11	3	-5.4912848923977205e-09
3	11	-5.4912848923977205e-09
11	51	-0.00015104361195339002
51	11	-0.00015104361195339002
11	35	-6.418012504087566e-05
35	11	-6.418012504087566e-05
11	36	-0.00015170740568507782
36	11	-0.00015170740568507782
11	5	-2.0799797156730652e-07
5	11	-2.0799797156730652e-07
11	6	-1.1552205147077362e-08
6	11	-1.1552205147077362e-08
11	9	-1.8920017570795554e-07
9	11	-1.8920017570795554e-07
11	10	-4.839404656344086e-05
10	11	-4.839404656344086e-05
11	38	-0.00019756473974735358
38	11	-0.00019756473974735358
11	12	-1.2144625923850566e-08
12	11	-1.2144625923850566e-08
11	13	-7.701470098051573e-09
13	11	-7.701470098051573e-09
11	52	-0.00014869827469550105
52	11	-0.00014869827469550105
11	15	-4.885215798719302e-05
15	11	-4.885215798719302e-05
11	16	-0.0001503709455510077
16	11	-0.0001503709455510077
11	50	-0.00015037236487725823
50	11	-0.00015037236487725823
11	39	-0.00019756419276953998
39	11	-0.00019756419276953998
11	18	-0.00015082634979777395
18	11	-0.00015082634979777395
11	19	-0.000150826849898442
19	11	-0.000150826849898442
11	47	-0.00015082827555905952
47	11	-0.00015082827555905952
11	40	-0.00019756230113793471
40	11	-0.00019756230113793471
11	21	-0.00014914897990902154
21	11	-0.00014914897990902154
11	22	-0.0001491494718416274
22	11	-0.0001491494718416274
11	53	-0.00014915087426281627
53	11	-0.00014915087426281627
11	41	-0.00019757039185142728
41	11	-0.00019757039185142728
11	24	-0.00015057306626908544
24	11	-0.00015057306626908544
11	25	-0.0001505735651290853
25	11	-0.0001505735651290853
11	48	-0.00015057498725983026
48	11	-0.00015057498725983026
11	42	-0.00019756122997304976
42	11	-0.00019756122997304976
11	43	-0.00014910378256280412
43	11	-0.00014910378256280412
11	27	-0.00014910427429076328
27	11	-0.00014910427429076328
11	28	-0.00014910567612977363
28	11	-0.00014910567612977363
11	29	-0.0001975394200477824
29	11	-0.0001975394200477824
1	49	-0.00014892391372346806
49	1	-0.00014892391372346806
1	52	-0.00014866126079343103
52	1	-0.00014866126079343103
1	50	-0.00015033492897453967
50	1	-0.00015033492897453967
1	47	-0.0001507907249068002
47	1	-0.0001507907249068002
1	53	-0.00014911374560780524
53	1	-0.00014911374560780524
1	48	-0.00015053750060206337
48	1	-0.00015053750060206337
1	28	-0.00014906855773938913
28	1	-0.00014906855773938913
2	35	-5.218096420908865e-09
35	2	-5.218096420908865e-09
2	6	-1.8790418437020857e-05
6	2	-1.8790418437020857e-05
2	7	-1.807017848933998e-05
7	2	-1.807017848933998e-05
2	49	-0.00019484448370647392
49	2	-0.00019484448370647392
2	38	-0.00015104458675838355
38	2	-0.00015104458675838355
2	50	-0.00019669073611906746
50	2	-0.00019669073611906746
2	39	-0.00015104416852046118
39	2	-0.00015104416852046118
2	47	-0.00019728482903714096
47	2	-0.00019728482903714096
2	40	-0.00015104137655311056
40	2	-0.00015104137655311056
2	41	-0.0001510530121618972
41	2	-0.0001510530121618972
2	48	-0.00019695350241492012
48	2	-0.00019695350241492012
2	42	-0.00015104055751114236
42	2	-0.00015104055751114236
3	35	-1.3676032389357805e-09
35	3	-1.3676032389357805e-09
3	49	-3.2825922373672826e-09
49	3	-3.2825922373672826e-09
3	38	-3.692518521222307e-09
38	3	-3.692518521222307e-09
3	50	-3.3136964991996585e-09
50	3	-3.3136964991996585e-09
3	39	-3.692528745126593e-09
39	3	-3.692528745126593e-09
3	47	-3.4802887086578577e-10
47	3	-3.4802887086578577e-10
3	40	-1.3220137189950563e-09
40	3	-1.3220137189950563e-09
3	41	-0.0001510535133964714
41	3	-0.0001510535133964714
3	48	-3.474443797481358e-10
48	3	-3.474443797481358e-10
3	42	-1.322020887327263e-09
42	3	-1.322020887327263e-09
51	1	-0.00015100600556533487
1	51	-0.00015100600556533487
51	5	-0.0001966999213822074
5	51	-0.0001966999213822074
51	6	-0.0001966990325860921
6	51	-0.0001966990325860921
51	7	-4.382504810391612e-05
7	51	-4.382504810391612e-05
35	36	-0.00015171628535508896
36	35	-0.00015171628535508896
35	5	-7.473954698943695e-09
5	35	-7.473954698943695e-09
35	6	-7.476231039515585e-09
6	35	-7.476231039515585e-09
35	7	-0.0001975601349733956
7	35	-0.0001975601349733956
35	9	-1.3671485198428092e-09
9	35	-1.3671485198428092e-09
35	10	-1.5266491804911372e-09
10	35	-1.5266491804911372e-09
35	49	-0.00014896950697083867
49	35	-0.00014896950697083867
35	38	-0.00019756348544360504
38	35	-0.00019756348544360504
35	12	-0.00014870486815587243
12	35	-0.00014870486815587243
35	13	-0.00014870535793222987
13	35	-0.00014870535793222987
35	15	-0.0001503791481081009
15	35	-0.0001503791481081009
35	16	-0.0001503796460335539
16	35	-0.0001503796460335539
35	50	-0.0001503810655054547
50	35	-0.0001503810655054547
35	39	-0.00019756293841524683
39	35	-0.00019756293841524683
35	18	-0.00015083504445494115
18	35	-0.00015083504445494115
35	19	-0.0001508353453313781
19	35	-0.0001508353453313781
35	47	-0.0001508361998736513
47	35	-0.0001508361998736513
35	40	-0.0001975587446889191
40	35	-0.0001975587446889191
35	21	-0.00014915751889615065
21	35	-0.00014915751889615065
35	22	-0.00014915801087882175
22	35	-0.00014915801087882175
35	53	-0.00014915941344250522
53	35	-0.00014915941344250522
35	41	-0.00019756840863713998
41	35	-0.00019756840863713998
35	24	-0.00015058172737172373
24	35	-0.00015058172737172373
35	25	-0.000150582027676038
25	35	-0.000150582027676038
35	48	-0.00015058288060497424
48	35	-0.00015058288060497424
35	42	-0.000197557673437533
42	35	-0.000197557673437533
35	43	-0.0001491123158581618
43	35	-0.0001491123158581618
35	27	-0.0001491128076361484
27	35	-0.0001491128076361484
35	28	-0.00014911420961754595
28	35	-0.00014911420961754595
35	29	-0.0001975555082563576
29	35	-0.0001975555082563576
36	7	-4.4013512806999955e-05
7	36	-4.4013512806999955e-05
5	7	-4.401384547663009e-05
7	5	-4.401384547663009e-05
5	49	-0.00019398300088715312
49	5	-0.00019398300088715312
5	38	-0.0001517108661643944
38	5	-0.0001517108661643944
5	52	-0.00019364536200716371
52	5	-0.00019364536200716371
5	50	-0.00019582109030378536
50	5	-0.00019582109030378536
5	39	-0.0001517104460691081
39	5	-0.0001517104460691081
5	47	-0.00019641256427809002
47	5	-0.00019641256427809002
5	40	-0.00015170763574106648
40	5	-0.00015170763574106648
5	41	-0.00015171934716701923
41	5	-0.00015171934716701923
5	48	-0.00019608270256595735
48	5	-0.00019608270256595735
5	42	-0.0001517068130618256
42	5	-0.0001517068130618256
6	9	-0.0001701149053163454
9	6	-0.0001701149053163454
6	10	-0.00016971124282915407
10	6	-0.00016971124282915407
6	49	-0.0001939821243834667
49	6	-0.0001939821243834667
6	38	-0.0001517123043257546
38	6	-0.0001517123043257546
6	12	-0.0001936433069508389
12	6	-0.0001936433069508389
6	13	-0.00018439560001474824
13	6	-0.00018439560001474824
6	52	-0.00019364448701319177
52	6	-0.00019364448701319177
6	15	-0.00018842610701769083
15	6	-0.00018842610701769083
6	16	-0.0001958193219172066
16	6	-0.0001958193219172066
6	50	-0.0001958202054947725
50	6	-0.0001958202054947725
6	39	-0.00015171188422857015
39	6	-0.00015171188422857015
6	18	-0.00019641047723046893
18	6	-0.00019641047723046893
6	19	-0.00019641079014924928
19	6	-0.00019641079014924928
6	47	-0.00019641167680446933
47	6	-0.00019641167680446933
6	40	-0.00015170907387496176
40	6	-0.00015170907387496176
6	41	-0.00015172078540594573
41	6	-0.00015172078540594573
6	24	-0.00019608061934243528
24	6	-0.00019608061934243528
6	25	-0.00019608093164867835
25	6	-0.00019608093164867835
6	48	-0.000196081816582789
48	6	-0.000196081816582789
6	42	-0.0001517082511920037
42	6	-0.0001517082511920037
7	9	-4.322213069346907e-05
9	7	-4.322213069346907e-05
7	10	-4.3222456080790546e-05
10	7	-4.3222456080790546e-05
7	49	-4.322338660805741e-05
49	7	-4.322338660805741e-05
7	12	-4.3143418962503135e-05
12	7	-4.3143418962503135e-05
7	52	-4.3144672220607045e-05
52	7	-4.3144672220607045e-05
7	15	-4.363157526809131e-05
15	7	-4.363157526809131e-05
7	16	-4.363190438482678e-05
16	7	-4.363190438482678e-05
7	50	-4.3632845560266246e-05
50	7	-4.3632845560266246e-05
7	18	-4.376508373582434e-05
18	7	-4.376508373582434e-05
7	19	-4.3765414057980684e-05
19	7	-4.3765414057980684e-05
7	47	-4.3766358675004655e-05
47	7	-4.3766358675004655e-05
7	40	-1.3216207998117683e-09
40	7	-1.3216207998117683e-09
7	21	-4.327346684760789e-05
21	7	-4.327346684760789e-05
7	22	-4.327379274162966e-05
22	7	-4.327379274162966e-05
7	53	-4.327472471581683e-05
53	7	-4.327472471581683e-05
7	24	-4.3691601882862905e-05
24	7	-4.3691601882862905e-05
7	25	-4.369193153413415e-05
25	7	-4.369193153413415e-05
7	48	-4.3692874235690894e-05
48	7	-4.3692874235690894e-05
7	42	-1.3216279638835585e-09
42	7	-1.3216279638835585e-09
7	43	-4.325707144761738e-05
43	7	-4.325707144761738e-05
7	27	-4.325739722731711e-05
27	7	-4.325739722731711e-05
7	28	-4.325832887524894e-05
28	7	-4.325832887524894e-05
9	49	-0.00019757010083009055
49	9	-0.00019757010083009055
9	38	-0.00014896184901116698
38	9	-0.00014896184901116698
9	50	-0.00019571558483783035
50	9	-0.00019571558483783035
9	39	-0.0001489614365500382
39	9	-0.0001489614365500382
9	47	-0.00019512450267960562
47	9	-0.00019512450267960562
9	40	-0.00014895870144332078
40	9	-0.00014895870144332078
9	48	-0.00019545275704914994
48	9	-0.00019545275704914994
9	42	-0.00014895789371403994
42	9	-0.00014895789371403994
10	38	-0.00014896234003492742
38	10	-0.00014896234003492742
10	50	-0.00019571614907759428
50	10	-0.00019571614907759428
10	39	-0.00014896192757315283
39	10	-0.00014896192757315283
10	47	-0.00019512506598892143
47	10	-0.00019512506598892143
10	40	-0.00014895919245783913
40	10	-0.00014895919245783913
10	48	-0.00019545332087243225
48	10	-0.00019545332087243225
10	42	-0.0001489583847272936
42	10	-0.0001489583847272936
15	40	-0.0001503701111135046
40	15	-0.0001503701111135046
15	42	-0.00015036929573084798
42	15	-0.00015036929573084798
45	4	-4.582886111694158e-05
4	45	-4.582886111694158e-05
45	14	-0.00014917792845410544
14	45	-0.00014917792845410544
0	4	-4.582919116001853e-05
4	0	-4.582919116001853e-05
46	4	-4.583013489368142e-05
4	46	-4.583013489368142e-05
46	14	-0.00014917982376001405
14	46	-0.00014917982376001405
1	5	-2.0945167988942985e-07
5	1	-2.0945167988942985e-07
1	6	-1.2512260376227132e-08
6	1	-1.2512260376227132e-08
2	37	-4.5522687568770706e-05
37	2	-4.5522687568770706e-05
2	14	-1.9969282781633774e-07
14	2	-1.9969282781633774e-07
2	17	-4.724078847921779e-05
17	2	-4.724078847921779e-05
2	20	-4.666146168964577e-05
20	2	-4.666146168964577e-05
2	23	-4.880880906229507e-05
23	2	-4.880880906229507e-05
2	26	-4.698571812947389e-05
26	2	-4.698571812947389e-05
2	44	-4.885666959854825e-05
44	2	-4.885666959854825e-05
3	4	-1.6986360697471495e-07
4	3	-1.6986360697471495e-07
3	37	-1.730428049764648e-07
37	3	-1.730428049764648e-07
3	14	-6.450381265984289e-09
14	3	-6.450381265984289e-09
3	17	-1.6675622758121685e-07
17	3	-1.6675622758121685e-07
3	20	-1.6882432352298708e-07
20	3	-1.6882432352298708e-07
3	23	-1.6140467351632438e-07
23	3	-1.6140467351632438e-07
3	26	-1.6766050733207677e-07
26	3	-1.6766050733207677e-07
3	44	-1.6124672536024623e-07
44	3	-1.6124672536024623e-07
51	14	-0.00015099365080003873
14	51	-0.00015099365080003873
4	36	-0.00012190133486818277
36	4	-0.00012190133486818277
4	5	-4.657706637507191e-05
5	4	-4.657706637507191e-05
4	6	-1.6984811822911564e-07
6	4	-1.6984811822911564e-07
4	9	-4.573876473958944e-05
9	4	-4.573876473958944e-05
4	10	-0.0001196954374250521
10	4	-0.0001196954374250521
4	49	-0.00011969670712855249
49	4	-0.00011969670712855249
4	11	-0.00015875288674131667
11	4	-0.00015875288674131667
4	12	-0.00011948323716365267
12	4	-0.00011948323716365267
4	13	-0.00011948368115426023
13	4	-0.00011948368115426023
4	52	-0.00011948494771122801
52	4	-0.00011948494771122801
4	15	-0.00012082886667625094
15	4	-0.00012082886667625094
4	16	-0.00012082931778027663
16	4	-0.00012082931778027663
4	50	-0.00012083060458846529
50	4	-0.00012083060458846529
4	18	-0.0001211954826759995
18	4	-0.0001211954826759995
4	19	-0.00012119593572327276
19	4	-0.00012119593572327276
4	47	-4.631453197581139e-05
47	4	-4.631453197581139e-05
4	21	-0.00011984650246335681
21	4	-0.00011984650246335681
4	22	-0.00011984694837974404
22	4	-0.00011984694837974404
4	53	-0.00011984822041934336
53	4	-0.00011984822041934336
4	24	-0.00012099199469248861
24	4	-0.00012099199469248861
4	25	-0.00012099244665710991
25	4	-0.00012099244665710991
4	48	-4.6236767450273086e-05
48	4	-4.6236767450273086e-05
4	43	-0.00011980928221277584
43	4	-0.00011980928221277584
4	27	-0.0001198097279495672
27	4	-0.0001198097279495672
4	28	-0.00011981099947796681
28	4	-0.00011981099947796681
36	14	-0.00015165722058712967
14	36	-0.00015165722058712967
5	37	-4.5720309330677896e-05
37	5	-4.5720309330677896e-05
5	14	-2.0658358764687708e-07
14	5	-2.0658358764687708e-07
5	17	-4.744603855554424e-05
17	5	-4.744603855554424e-05
5	20	-4.686413957310771e-05
20	5	-4.686413957310771e-05
5	23	-4.902102110107137e-05
23	5	-4.902102110107137e-05
5	26	-4.71898357014084e-05
26	5	-4.71898357014084e-05
5	44	-4.906909413661175e-05
44	5	-4.906909413661175e-05
6	14	-1.251328379867624e-08
14	6	-1.251328379867624e-08
6	17	-1.6674130031044115e-07
17	6	-1.6674130031044115e-07
6	20	-1.6880902371989594e-07
20	6	-1.6880902371989594e-07
6	23	-1.6139068892606768e-07
23	6	-1.6139068892606768e-07
6	26	-1.6764541773552092e-07
26	6	-1.6764541773552092e-07
6	44	-1.6123276812562828e-07
44	6	-1.6123276812562828e-07
37	9	-4.489757376649908e-05
9	37	-4.489757376649908e-05
9	14	-1.879137267225245e-07
14	9	-1.879137267225245e-07
9	17	-4.659194891690425e-05
17	9	-4.659194891690425e-05
9	20	-4.6020622221105345e-05
20	9	-4.6020622221105345e-05
9	23	-4.8138316243255655e-05
23	9	-4.8138316243255655e-05
9	26	-4.6340400908528685e-05
26	9	-4.6340400908528685e-05
9	44	-4.818551585930809e-05
44	9	-4.818551585930809e-05
10	14	-4.8725698698571004e-05
14	10	-4.8725698698571004e-05
49	14	-0.0001489117295956291
14	49	-0.0001489117295956291
11	14	-0.00019750671483530064
14	11	-0.00019750671483530064
12	14	-1.3105898331946887e-08
14	12	-1.3105898331946887e-08
13	14	-8.661289332417066e-09
14	13	-8.661289332417066e-09
14	15	-4.918695141614474e-05
15	14	-4.918695141614474e-05
14	16	-0.00015032121030696645
16	14	-0.00015032121030696645
14	50	-0.00015032262940526645
50	14	-0.00015032262940526645
14	18	-0.00015077646273960868
18	14	-0.00015077646273960868
14	19	-0.00015077696275934342
19	14	-0.00015077696275934342
14	47	-0.0001507783881906163
47	14	-0.0001507783881906163
14	21	-0.0001490996514663501
21	14	-0.0001490996514663501
14	22	-0.00014910014331982456
22	14	-0.00014910014331982456
14	53	-0.00014910154551677496
53	14	-0.00014910154551677496
14	24	-0.00015052326392152538
24	14	-0.00015052326392152538
14	25	-0.00015052376270086648
25	14	-0.00015052376270086648
14	48	-0.0001505251846030448
48	14	-0.0001505251846030448
14	43	-0.00014905446770312997
43	14	-0.00014905446770312997
14	27	-0.00014905495935200127
27	14	-0.00014905495935200127
14	28	-0.00014905636096689662
28	14	-0.00014905636096689662
45	31	-0.00014919149359937626
31	45	-0.00014919149359937626
45	8	-8.812294676942459e-09
8	45	-8.812294676942459e-09
45	32	-0.000149187964523493
32	45	-0.000149187964523493
45	33	-0.00014918622580805787
33	45	-0.00014918622580805787
0	31	-0.00014919179082288658
31	0	-0.00014919179082288658
0	32	-0.00014918826174608083
32	0	-0.00014918826174608083
0	33	-0.0001491865230301912
33	0	-0.0001491865230301912
46	31	-0.00014919263506473615
31	46	-0.00014919263506473615
46	8	-9.810621404334638e-09
8	46	-9.810621404334638e-09
46	32	-0.00014918910598547044
32	46	-0.00014918910598547044
46	33	-0.0001491873672683688
33	46	-0.0001491873672683688
1	35	-6.37342626274786e-05
35	1	-6.37342626274786e-05
1	31	-6.375107175978488e-05
31	1	-6.375107175978488e-05
1	8	-1.9486307143304546e-08
8	1	-1.9486307143304546e-08
1	38	-0.00019751557822595824
38	1	-0.00019751557822595824
1	32	-6.375725193743387e-05
32	1	-6.375725193743387e-05
1	39	-0.00019751612506652776
39	1	-0.00019751612506652776
1	40	-0.0001975203182169604
40	1	-0.0001975203182169604
1	33	-6.376029691293525e-05
33	1	-6.376029691293525e-05
1	34	-0.0001975705281739085
34	1	-0.0001975705281739085
1	29	-0.00019749001134260972
29	1	-0.00019749001134260972
1	30	-0.00019753995915204364
30	1	-0.00019753995915204364
2	8	-1.676581701387706e-05
8	2	-1.676581701387706e-05
2	31	-6.176663071317814e-09
31	2	-6.176663071317814e-09
2	32	-1.0849303150433181e-08
32	2	-1.0849303150433181e-08
2	33	-1.3151514409684955e-08
33	2	-1.3151514409684955e-08
2	34	-0.00015101550734873662
34	2	-0.00015101550734873662
51	31	-0.00015101427024369986
31	51	-0.00015101427024369986
51	32	-0.00015100796718032854
32	51	-0.00015100796718032854
51	33	-0.0001510048618524342
33	51	-0.0001510048618524342
35	4	-6.0659231570702836e-05
4	35	-6.0659231570702836e-05
35	37	-5.954367547254373e-05
37	35	-5.954367547254373e-05
35	8	-0.00019752934074132998
8	35	-0.00019752934074132998
35	32	-0.00019751284002279834
32	35	-0.00019751284002279834
35	14	-6.461994904575069e-05
14	35	-6.461994904575069e-05
35	17	-6.179069260904445e-05
17	35	-6.179069260904445e-05
35	20	-6.103302045143903e-05
20	35	-6.103302045143903e-05
35	33	-0.0001975082366360178
33	35	-0.0001975082366360178
35	23	-6.384142728890889e-05
23	35	-6.384142728890889e-05
35	34	-0.00019752548865887364
34	35	-0.00019752548865887364
35	26	-6.145709902126233e-05
26	35	-6.145709902126233e-05
35	44	-6.390402165951254e-05
44	35	-6.390402165951254e-05
35	30	-0.00019753159728667425
30	35	-0.00019753159728667425
4	38	-6.066516918563705e-05
38	4	-6.066516918563705e-05
4	39	-6.06653371091539e-05
39	4	-6.06653371091539e-05
4	40	-6.066821935943515e-05
40	4	-6.066821935943515e-05
4	41	-0.00015873255493893356
41	4	-0.00015873255493893356
4	42	-6.066854823112079e-05
42	4	-6.066854823112079e-05
4	29	-0.00015872099350302542
29	4	-0.00015872099350302542
31	36	-0.00015167798176662654
36	31	-0.00015167798176662654
31	5	-8.433082422094428e-09
5	31	-8.433082422094428e-09
31	6	-8.43561063866919e-09
6	31	-8.43561063866919e-09
31	7	-0.00019751003691818338
7	31	-0.00019751003691818338
31	37	-5.955944233005482e-05
37	31	-5.955944233005482e-05
31	8	-0.00019755988124477508
8	31	-0.00019755988124477508
31	9	-2.3247305262742422e-09
9	31	-2.3247305262742422e-09
31	10	-2.4842708565087497e-09
10	31	-2.4842708565087497e-09
31	49	-0.00014893190921154797
49	31	-0.00014893190921154797
31	38	-0.00019752726666772755
38	31	-0.00019752726666772755
31	11	-6.419704506722574e-05
11	31	-6.419704506722574e-05
31	32	-0.00019756293613560852
32	31	-0.00019756293613560852
31	12	-0.00014866733701373832
12	31	-0.00014866733701373832
31	13	-0.00014866782672964704
13	31	-0.00014866782672964704
31	52	-0.00014866922284452862
52	31	-0.00014866922284452862
31	14	-6.463697846428323e-05
14	31	-6.463697846428323e-05
31	15	-0.00015034118912420028
15	31	-0.00015034118912420028
31	16	-0.00015034168698781913
16	31	-0.00015034168698781913
31	50	-0.00015034310628448996
50	31	-0.00015034310628448996
31	39	-0.00019752781358437985
39	31	-0.00019752781358437985
31	17	-6.180701834034557e-05
17	31	-6.180701834034557e-05
31	18	-0.0001507970355584023
18	31	-0.0001507970355584023
31	19	-0.0001507975356484506
19	31	-0.0001507975356484506
31	47	-0.00015079868236137194
47	31	-0.00015079868236137194
31	40	-0.00019752970552394493
40	31	-0.00019752970552394493
31	20	-6.104915773597512e-05
20	31	-6.104915773597512e-05
31	33	-0.0001975583310197329
33	31	-0.0001975583310197329
31	21	-0.00014911987141246779
21	31	-0.00014911987141246779
31	22	-0.00014912036333431495
22	31	-0.00014912036333431495
31	53	-0.00014912176572563142
53	31	-0.00014912176572563142
31	41	-0.0001975183094205952
41	31	-0.0001975183094205952
31	23	-6.38582630750041e-05
23	31	-6.38582630750041e-05
31	34	-0.00019756758695563378
34	31	-0.00019756758695563378
31	24	-0.00015054378313243086
24	31	-0.00015054378313243086
31	25	-0.00015054428198178922
25	31	-0.00015054428198178922
31	48	-0.0001505454261008374
48	31	-0.0001505454261008374
31	42	-0.0001975307765858632
42	31	-0.0001975307765858632
31	26	-6.147334178180647e-05
26	31	-6.147334178180647e-05
31	43	-0.00014907467878096271
43	31	-0.00014907467878096271
31	27	-0.000149075170498159
27	31	-0.000149075170498159
31	28	-0.00014907657230728473
28	31	-0.00014907657230728473
31	29	-0.00019750541082462112
29	31	-0.00019750541082462112
31	44	-6.392087301395949e-05
44	31	-6.392087301395949e-05
31	30	-0.00019755536738806702
30	31	-0.00019755536738806702
8	37	-1.9613724161628212e-07
37	8	-1.9613724161628212e-07
8	38	-3.691378059410104e-09
38	8	-3.691378059410104e-09
8	11	-1.8524541981408075e-08
11	8	-1.8524541981408075e-08
8	32	-4.6495710070902365e-09
32	8	-4.6495710070902365e-09
8	14	-1.9487900997938408e-08
14	8	-1.9487900997938408e-08
8	39	-3.6913882769998976e-09
39	8	-3.6913882769998976e-09
8	17	-1.890122902253233e-07
17	8	-1.890122902253233e-07
8	47	-3.479424505629751e-10
47	8	-3.479424505629751e-10
8	40	-5.992866730180928e-09
40	8	-5.992866730180928e-09
8	20	-1.9135619144503263e-07
20	8	-1.9135619144503263e-07
8	33	-6.951645492289438e-09
33	8	-6.951645492289438e-09
8	6	-0.00015168834086451525
6	8	-0.00015168834086451525
8	23	-1.8294701839415004e-07
23	8	-1.8294701839415004e-07
8	9	-0.00019065758922589618
9	8	-0.00019065758922589618
8	48	-3.4735824943984905e-10
48	8	-3.4735824943984905e-10
8	42	-5.992899215540942e-09
42	8	-5.992899215540942e-09
8	26	-1.9003716711442507e-07
26	8	-1.9003716711442507e-07
8	44	-1.8276800472381348e-07
44	8	-1.8276800472381348e-07
8	5	-0.00015168690275600737
5	8	-0.00015168690275600737
36	32	-0.00015167163870625944
32	36	-0.00015167163870625944
36	33	-0.00015166851367343393
33	36	-0.00015166851367343393
5	32	-1.310577586449386e-08
32	5	-1.310577586449386e-08
5	33	-1.5408013415852734e-08
33	5	-1.5408013415852734e-08
5	34	-0.00015168167331431828
34	5	-0.00015168167331431828
6	32	-1.3109394911445366e-08
32	6	-1.3109394911445366e-08
6	33	-1.541208862632533e-08
33	6	-1.541208862632533e-08
6	34	-0.00015168311137766415
34	6	-0.00015168311137766415
7	32	-0.00019750069364911138
32	7	-0.00019750069364911138
7	33	-2.2792280302588346e-09
33	7	-2.2792280302588346e-09
37	32	-5.956552337758782e-05
32	37	-5.956552337758782e-05
37	33	-5.95685195116494e-05
33	37	-5.95685195116494e-05
8	10	-0.00019020518138705507
10	8	-0.00019020518138705507
8	13	-0.00016452762339344085
13	8	-0.00016452762339344085
8	15	-0.0001848413933853583
15	8	-0.0001848413933853583
9	32	-6.997148525375999e-09
32	9	-6.997148525375999e-09
9	33	-9.29925036345604e-09
33	9	-9.29925036345604e-09
10	32	-7.156692628560467e-09
32	10	-7.156692628560467e-09
10	33	-9.45879632557416e-09
33	10	-9.45879632557416e-09
10	34	-0.0001489336140604437
34	10	-0.0001489336140604437
49	32	-0.00014892573034038274
32	49	-0.00014892573034038274
49	33	-0.0001489226861970817
33	49	-0.0001489226861970817
38	14	-0.00019749941905101222
14	38	-0.00019749941905101222
38	33	-0.00019751703337664718
33	38	-0.00019751703337664718
11	32	-6.420323579193916e-05
32	11	-6.420323579193916e-05
11	33	-6.420628596398256e-05
33	11	-6.420628596398256e-05
11	34	-0.00019752207547789411
34	11	-0.00019752207547789411
11	30	-0.00019752818339681248
30	11	-0.00019752818339681248
32	12	-0.0001486611736413471
12	32	-0.0001486611736413471
32	13	-0.00014866166333890498
13	32	-0.00014866166333890498
32	52	-0.00014866305940163953
52	32	-0.00014866305940163953
32	14	-6.464317959321997e-05
14	32	-6.464317959321997e-05
32	15	-4.786323095534089e-10
15	32	-4.786323095534089e-10
32	16	-0.0001503354242207683
16	32	-0.0001503354242207683
32	50	-0.00015033684346384387
50	32	-0.00015033684346384387
32	17	-6.181315254202168e-05
17	32	-6.181315254202168e-05
32	18	-0.0001507907456641969
18	32	-0.0001507907456641969
32	19	-0.00015079124573524433
19	32	-0.00015079124573524433
32	47	-0.00015079267131240341
47	32	-0.00015079267131240341
32	40	-0.00019752503288924847
40	32	-0.00019752503288924847
32	20	-6.10552740145951e-05
20	32	-6.10552740145951e-05
32	33	-0.00019756767814927773
33	32	-0.00019756767814927773
32	21	-0.0001491136811265809
21	32	-0.0001491136811265809
32	22	-0.00014911417302993966
22	32	-0.00014911417302993966
32	53	-0.00014911557536871804
53	32	-0.00014911557536871804
32	41	-0.00019750896574677651
41	32	-0.00019750896574677651
32	23	-6.386444578767858e-05
23	32	-6.386444578767858e-05
32	34	-0.00019755823983040333
34	32	-0.00019755823983040333
32	24	-0.00015053750836630151
24	32	-0.00015053750836630151
32	25	-0.0001505380071967372
25	32	-0.0001505380071967372
32	48	-0.00015053942924418218
48	32	-0.00015053942924418218
32	42	-0.0001975261039258304
42	32	-0.0001975261039258304
32	26	-6.147946809218483e-05
26	32	-6.147946809218483e-05
32	43	-0.0001490684909856839
43	32	-0.0001490684909856839
32	27	-0.0001490689826844043
27	32	-0.0001490689826844043
32	28	-0.00014907038444102777
28	32	-0.00014907038444102777
32	29	-0.00019749606777704444
29	32	-0.00019749606777704444
32	44	-6.392705720733036e-05
44	32	-6.392705720733036e-05
32	30	-0.0001975460208409342
30	32	-0.0001975460208409342
12	33	-5.698070075647087e-10
33	12	-5.698070075647087e-10
13	33	-0.00014865862682220013
33	13	-0.00014865862682220013
52	33	-0.00014866002285924374
33	52	-0.00014866002285924374
14	39	-0.00019749996584684352
39	14	-0.00019749996584684352
14	40	-0.00019750415884255465
40	14	-0.00019750415884255465
14	33	-6.464623489142752e-05
33	14	-6.464623489142752e-05
14	41	-0.00019748674942289925
41	14	-0.00019748674942289925
14	34	-0.0001975360143709808
34	14	-0.0001975360143709808
14	42	-0.000197505229692815
42	14	-0.000197505229692815
14	29	-0.00019747385318539095
29	14	-0.00019747385318539095
14	30	-0.00019752379698654917
30	14	-0.00019752379698654917
15	33	-2.7806581969157752e-09
33	15	-2.7806581969157752e-09
16	33	-0.0001503323387452748
33	16	-0.0001503323387452748
50	33	-0.00015033375796194597
33	50	-0.00015033375796194597
39	33	-0.0001975175802559432
33	39	-0.0001975175802559432
17	33	-6.181617486514654e-05
33	17	-6.181617486514654e-05
18	33	-0.00015078764682422799
33	18	-0.00015078764682422799
19	33	-0.00015078814688591438
33	19	-0.00015078814688591438
47	33	-0.0001507895724364729
33	47	-0.0001507895724364729
20	33	-6.105828750702448e-05
33	20	-6.105828750702448e-05
33	21	-0.0001491106313596969
21	33	-0.0001491106313596969
33	22	-0.0001491111232539471
22	33	-0.0001491111232539471
33	53	-0.000149112525566842
53	33	-0.000149112525566842
33	41	-0.00019750436244071794
41	33	-0.00019750436244071794
33	23	-6.386749201218784e-05
23	33	-6.386749201218784e-05
33	34	-0.0001975536348239929
34	33	-0.0001975536348239929
33	24	-0.00015053441697933658
24	33	-0.00015053441697933658
33	25	-0.00015053491580044976
25	33	-0.00015053491580044976
33	48	-0.00015053633782140363
48	33	-0.00015053633782140363
33	26	-6.148248652726477e-05
26	33	-6.148248652726477e-05
33	43	-0.00014906544244582519
43	33	-0.00014906544244582519
33	27	-0.00014906593413544324
27	33	-0.00014906593413544324
33	28	-0.00014906733586620078
28	33	-0.00014906733586620078
33	29	-0.00019749146477950814
29	33	-0.00019749146477950814
33	44	-6.393010416137918e-05
44	33	-6.393010416137918e-05
33	30	-0.00019754141611932752
30	33	-0.00019754141611932752
