1	0	-0.00013171485565535503
0	1	-0.00013171485565535503
4	14	-0.00015880576558886691
14	4	-0.00015880576558886691
0	2	-0.00019517989649390512
2	0	-0.00019517989649390512
2	1	-4.872686945472365e-05
1	2	-4.872686945472365e-05
7	1	-1.6878872523361979e-07
1	7	-1.6878872523361979e-07
1	46	-0.00019431819695969608
46	1	-0.00019431819695969608
12	8	-0.0001780933259565364
8	12	-0.0001780933259565364
0	8	-1.676581701387706e-05
8	0	-1.676581701387706e-05
8	3	-0.00015777955596461897
3	8	-0.00015777955596461897
3	31	-6.178514819133383e-09
31	3	-6.178514819133383e-09
4	31	-6.0675275887185836e-05
31	4	-6.0675275887185836e-05
1	4	-0.0001587927773606635
4	1	-0.0001587927773606635
7	4	-6.065120795223759e-05
4	7	-6.065120795223759e-05
31	35	-0.000197522183860467
35	31	-0.000197522183860467
4	51	-0.0001213691821405798
51	4	-0.0001213691821405798
0	3	-5.543232836340243e-09
3	0	-5.543232836340243e-09
3	2	-0.00015776859583814138
2	3	-0.00015776859583814138
4	2	-0.00012136743315362223
2	4	-0.00012136743315362223
4	8	-6.06671728076025e-05
8	4	-6.06671728076025e-05
7	37	-5.953568543320906e-05
37	7	-5.953568543320906e-05
0	7	-1.807017848933998e-05
7	0	-1.807017848933998e-05
8	7	-0.00018331090386541934
7	8	-0.00018331090386541934
37	6	-2.241776713968344e-07
6	37	-2.241776713968344e-07
7	6	-4.401479679629143e-05
6	7	-4.401479679629143e-05
0	5	-0.00019431697696236974
5	0	-0.00019431697696236974
6	5	-0.0001975706380048651
5	6	-0.0001975706380048651
13	7	-4.3143743660733264e-05
7	13	-4.3143743660733264e-05
7	3	-4.3824101841182025e-05
3	7	-4.3824101841182025e-05
3	32	-4.650985325104093e-09
32	3	-4.650985325104093e-09
4	32	-6.0681383323671345e-05
32	4	-6.0681383323671345e-05
7	11	-1.676173408494184e-07
11	7	-1.676173408494184e-07
0	10	-0.0001972208428374101
10	0	-0.0001972208428374101
0	9	-1.6179041902620065e-05
9	0	-1.6179041902620065e-05
7	14	-1.6647764234084393e-07
14	7	-1.6647764234084393e-07
0	13	-0.0001649916532257883
13	0	-0.0001649916532257883
0	12	-0.0001524239296402302
12	0	-0.0001524239296402302
13	12	-0.00018252283220209842
12	13	-0.00018252283220209842
7	17	-6.178263493269721e-05
17	7	-6.178263493269721e-05
0	15	-0.00019605581335709093
15	0	-0.00019605581335709093
15	1	-0.00014685933755325154
1	15	-0.00014685933755325154
3	6	-0.00017683265151520044
6	3	-0.00017683265151520044
0	6	-1.5459077910042032e-08
6	0	-1.5459077910042032e-08
3	33	-2.2798947672078895e-09
33	3	-2.2798947672078895e-09
4	33	-6.068439245957826e-05
33	4	-6.068439245957826e-05
7	20	-6.1024985581629585e-05
20	7	-6.1024985581629585e-05
18	1	-0.00019641171273176351
1	18	-0.00019641171273176351
9	3	-0.00015225753956490585
3	9	-0.00015225753956490585
4	34	-0.00015877233106149463
34	4	-0.00015877233106149463
7	23	-6.383330788380796e-05
23	7	-6.383330788380796e-05
7	26	-6.144905138634883e-05
26	7	-6.144905138634883e-05
24	1	-0.00019608185276879042
1	24	-0.00019608185276879042
10	5	-0.00019398212688186074
5	10	-0.00019398212688186074
4	30	-0.00015876131483555443
30	4	-0.00015876131483555443
7	44	-6.389590037027103e-05
44	7	-6.389590037027103e-05
0	27	-0.00019751886184887923
27	0	-0.00019751886184887923
0	43	-0.00019751855217228358
43	0	-0.00019751855217228358
45	1	-0.00019431701224330918
1	45	-0.00019431701224330918
45	12	-0.0001968741423255698
12	45	-0.0001968741423255698
1	9	-1.6179041902620065e-05
9	1	-1.6179041902620065e-05
1	12	-4.7970382261203244e-05
12	1	-4.7970382261203244e-05
1	21	-0.00019423624167897311
21	1	-0.00019423624167897311
1	43	-0.00019418332256891755
43	1	-0.00019418332256891755
2	9	-0.0001714155415823226
9	2	-0.0001714155415823226
2	12	-0.0001945041800997041
12	2	-0.0001945041800997041
2	15	-0.0001966895398771899
15	2	-0.0001966895398771899
9	12	-0.00019722495170454904
12	9	-0.00019722495170454904
12	15	-0.00019537365359534583
15	12	-0.00019537365359534583
45	3	-5.285006322721792e-09
3	45	-5.285006322721792e-09
45	13	-0.00019687470736523126
13	45	-0.00019687470736523126
1	10	-0.00013227296945050485
10	1	-0.00013227296945050485
1	13	-4.797071450929411e-05
13	1	-4.797071450929411e-05
1	16	-0.0001958205537092808
16	1	-0.0001958205537092808
1	19	-0.00019641202565087032
19	1	-0.00019641202565087032
1	22	-0.00019423655057487367
22	1	-0.00019423655057487367
1	25	-0.00019608216507535886
25	1	-0.00019608216507535886
1	27	-0.0001941836313741955
27	1	-0.0001941836313741955
2	5	-0.00019669871974095
5	2	-0.00019669871974095
2	10	-0.0001948436091016751
10	2	-0.0001948436091016751
2	13	-0.00019450448812160986
13	2	-0.00019450448812160986
3	1	-1.2515126092238752e-08
1	3	-1.2515126092238752e-08
3	5	-0.00012459790534199346
5	3	-0.00012459790534199346
3	10	-0.00015189625048797216
10	3	-0.00015189625048797216
3	12	-0.00017503669489824915
12	3	-0.00017503669489824915
3	13	-0.00018946889595751283
13	3	-0.00018946889595751283
3	15	-0.00016864657092191112
15	3	-0.00016864657092191112
3	18	-0.00019728331539151648
18	3	-0.00019728331539151648
3	19	-0.00019728362854092585
19	3	-0.00019728362854092585
3	24	-0.00019695199163182234
24	3	-0.00019695199163182234
3	25	-0.0001969523041679204
25	3	-0.0001969523041679204
5	9	-0.00019398181846481133
9	5	-0.00019398181846481133
5	12	-0.00014256461564315993
12	5	-0.00014256461564315993
5	13	-0.0001305662988324494
13	5	-0.0001305662988324494
5	15	-0.0001958198949019247
15	5	-0.0001958198949019247
9	13	-0.00019722551732448635
13	9	-0.00019722551732448635
10	12	-0.0001972243859957498
12	10	-0.0001972243859957498
10	13	-0.00019722495161406613
13	10	-0.00019722495161406613
13	15	-0.00019537421632160476
15	13	-0.00019537421632160476
0	49	-0.00019731495231250848
49	0	-0.00019731495231250848
0	52	-0.00019697157438617344
52	0	-0.00019697157438617344
0	28	-0.00019751973926906673
28	0	-0.00019751973926906673
45	6	-1.5200848804440848e-08
6	45	-1.5200848804440848e-08
45	7	-4.330788449772941e-05
7	45	-4.330788449772941e-05
46	3	-6.283482595081191e-09
3	46	-6.283482595081191e-09
46	6	-1.6199334580743555e-08
6	46	-1.6199334580743555e-08
46	7	-4.330914309398375e-05
7	46	-4.330914309398375e-05
46	12	-0.0001968719671099892
12	46	-0.0001968719671099892
46	13	-0.00019687253214340528
13	46	-0.00019687253214340528
11	2	-4.9067782127772754e-05
2	11	-4.9067782127772754e-05
11	3	-1.1554906311936851e-08
3	11	-1.1554906311936851e-08
11	35	-0.00019756886487169769
35	11	-0.00019756886487169769
11	5	-4.928114399887704e-05
5	11	-4.928114399887704e-05
11	6	-2.69842388034186e-08
6	11	-2.69842388034186e-08
11	9	-4.839371307361729e-05
9	11	-4.839371307361729e-05
11	10	-0.00014895959335999324
10	11	-0.00014895959335999324
11	12	-4.830600224719577e-05
12	11	-4.830600224719577e-05
11	13	-4.8306335019754093e-05
13	11	-4.8306335019754093e-05
11	15	-0.00015037044767672998
15	11	-0.00015037044767672998
1	49	-0.00019398334461408898
49	1	-0.00019398334461408898
1	52	-0.00019364570514205468
52	1	-0.00019364570514205468
1	50	-0.000195821437287712
50	1	-0.000195821437287712
1	47	-0.0001964129123069609
47	1	-0.0001964129123069609
1	53	-0.00019423742592604142
53	1	-0.00019423742592604142
1	48	-0.0001960830500103371
48	1	-0.0001960830500103371
1	28	-0.00019418450647086692
28	1	-0.00019418450647086692
2	35	-0.00015105047222341625
35	2	-0.00015105047222341625
2	6	-1.8790418437020857e-05
6	2	-1.8790418437020857e-05
2	7	-4.382377094268411e-05
7	2	-4.382377094268411e-05
3	35	-5.2196856952715565e-09
35	3	-5.2196856952715565e-09
3	49	-0.00019484417435223166
49	3	-0.00019484417435223166
3	38	-6.040230914345138e-09
38	3	-6.040230914345138e-09
3	50	-0.00019669042383353353
50	3	-0.00019669042383353353
3	39	-6.0402476386330124e-09
39	3	-6.0402476386330124e-09
3	47	-2.1403775558245907e-09
47	3	-2.1403775558245907e-09
3	40	-5.994648415443079e-09
40	3	-5.994648415443079e-09
3	48	-2.1367829354510435e-09
48	3	-2.1367829354510435e-09
3	42	-5.994680920121877e-09
42	3	-5.994680920121877e-09
51	1	-0.0001967002699297036
1	51	-0.0001967002699297036
51	7	-4.382504810391612e-05
7	51	-4.382504810391612e-05
35	5	-0.00015171678986802703
5	35	-0.00015171678986802703
35	6	-0.0001517182280822738
6	35	-0.0001517182280822738
35	9	-0.0001489676160434153
9	35	-0.0001489676160434153
35	10	-0.00014896810708496167
10	35	-0.00014896810708496167
36	7	-4.4013512806999955e-05
7	36	-4.4013512806999955e-05
5	7	-4.401384547663009e-05
7	5	-4.401384547663009e-05
6	9	-0.0001701149053163454
9	6	-0.0001701149053163454
6	10	-0.00016971124282915407
10	6	-0.00016971124282915407
6	12	-0.000195565689978908
12	6	-0.000195565689978908
6	13	-0.00018439560001474824
13	6	-0.00018439560001474824
6	15	-0.00018842610701769083
15	6	-0.00018842610701769083
7	9	-4.322213069346907e-05
9	7	-4.322213069346907e-05
7	10	-4.3222456080790546e-05
10	7	-4.3222456080790546e-05
7	49	-4.322338660805741e-05
49	7	-4.322338660805741e-05
7	12	-4.3143418962503135e-05
12	7	-4.3143418962503135e-05
7	52	-4.3144672220607045e-05
52	7	-4.3144672220607045e-05
7	15	-4.363157526809131e-05
15	7	-4.363157526809131e-05
7	16	-4.363190438482678e-05
16	7	-4.363190438482678e-05
7	50	-4.3632845560266246e-05
50	7	-4.3632845560266246e-05
7	18	-4.376508373582434e-05
18	7	-4.376508373582434e-05
7	19	-4.3765414057980684e-05
19	7	-4.3765414057980684e-05
7	47	-4.3766358675004655e-05
47	7	-4.3766358675004655e-05
7	40	-0.00019754659701576394
40	7	-0.00019754659701576394
7	21	-4.327346684760789e-05
21	7	-4.327346684760789e-05
7	22	-4.327379274162966e-05
22	7	-4.327379274162966e-05
7	53	-4.327472471581683e-05
53	7	-4.327472471581683e-05
7	24	-4.3691601882862905e-05
24	7	-4.3691601882862905e-05
7	25	-4.369193153413415e-05
25	7	-4.369193153413415e-05
7	48	-4.3692874235690894e-05
48	7	-4.3692874235690894e-05
7	42	-0.00019754552579663204
42	7	-0.00019754552579663204
7	43	-4.325707144761738e-05
43	7	-4.325707144761738e-05
7	27	-4.325739722731711e-05
27	7	-4.325739722731711e-05
7	28	-4.325832887524894e-05
28	7	-4.325832887524894e-05
45	4	-0.00011991264577899903
4	45	-0.00011991264577899903
0	4	-0.00011991309198385574
4	0	-0.00011991309198385574
46	4	-0.00011991436484435738
4	46	-0.00011991436484435738
1	5	-4.8938717684199726e-05
5	1	-4.8938717684199726e-05
1	6	-2.7948168650427528e-08
6	1	-2.7948168650427528e-08
2	14	-4.940407774872609e-05
14	2	-4.940407774872609e-05
3	4	-1.7735213788019128e-07
4	3	-1.7735213788019128e-07
3	37	-1.8067149258127623e-07
37	3	-1.8067149258127623e-07
3	14	-1.2516149983555015e-08
14	3	-1.2516149983555015e-08
3	17	-1.7410776795035825e-07
17	3	-1.7410776795035825e-07
3	20	-1.7626703704364258e-07
20	3	-1.7626703704364258e-07
3	23	-1.6852028766959753e-07
23	3	-1.6852028766959753e-07
3	26	-1.750519133733425e-07
26	3	-1.750519133733425e-07
3	44	-1.6835537628184591e-07
44	3	-1.6835537628184591e-07
4	36	-0.00012190133486818277
36	4	-0.00012190133486818277
4	5	-0.00012190179171722085
5	4	-0.00012190179171722085
4	6	-2.2005900720251157e-07
6	4	-2.2005900720251157e-07
4	9	-0.00011969499232919006
9	4	-0.00011969499232919006
4	10	-0.0001196954374250521
10	4	-0.0001196954374250521
4	49	-0.00011969670712855249
49	4	-0.00011969670712855249
4	11	-0.00015875288674131667
11	4	-0.00015875288674131667
4	12	-0.00011948323716365267
12	4	-0.00011948323716365267
4	13	-0.00011948368115426023
13	4	-0.00011948368115426023
4	52	-0.00011948494771122801
52	4	-0.00011948494771122801
4	15	-0.00012082886667625094
15	4	-0.00012082886667625094
4	16	-0.00012082931778027663
16	4	-0.00012082931778027663
4	50	-0.00012083060458846529
50	4	-0.00012083060458846529
4	18	-0.0001211954826759995
18	4	-0.0001211954826759995
4	19	-0.00012119593572327276
19	4	-0.00012119593572327276
4	47	-0.00012119722806357402
47	4	-0.00012119722806357402
4	21	-0.00011984650246335681
21	4	-0.00011984650246335681
4	22	-0.00011984694837974404
22	4	-0.00011984694837974404
4	53	-0.00011984822041934336
53	4	-0.00011984822041934336
4	24	-0.00012099199469248861
24	4	-0.00012099199469248861
4	25	-0.00012099244665710991
25	4	-0.00012099244665710991
4	48	-0.00012099373591526059
48	4	-0.00012099373591526059
4	43	-0.00011980928221277584
43	4	-0.00011980928221277584
4	27	-0.0001198097279495672
27	4	-0.0001198097279495672
4	28	-0.00011981099947796681
28	4	-0.00011981099947796681
5	14	-4.9618932761891385e-05
14	5	-4.9618932761891385e-05
6	14	-2.79504551545327e-08
14	6	-2.79504551545327e-08
6	17	-2.160333843129863e-07
17	6	-2.160333843129863e-07
6	20	-2.187126111812421e-07
20	6	-2.187126111812421e-07
6	23	-2.091004238308384e-07
23	6	-2.091004238308384e-07
6	26	-2.1720488247996676e-07
26	6	-2.1720488247996676e-07
6	44	-2.0889580133968172e-07
44	6	-2.0889580133968172e-07
9	14	-4.872536468957804e-05
14	9	-4.872536468957804e-05
10	14	-0.00014891033007539446
14	10	-0.00014891033007539446
12	14	-4.863707686106748e-05
14	12	-4.863707686106748e-05
13	14	-4.863741015099029e-05
14	13	-4.863741015099029e-05
14	15	-0.00015032071251313008
15	14	-0.00015032071251313008
45	8	-0.0001491961760805482
8	45	-0.0001491961760805482
46	8	-0.00014919731755039605
8	46	-0.00014919731755039605
1	35	-0.0001975067820738247
35	1	-0.0001975067820738247
1	31	-0.00019756818016300232
31	1	-0.00019756818016300232
1	8	-1.8325431414369168e-07
8	1	-1.8325431414369168e-07
1	32	-0.00019756350693741231
32	1	-0.00019756350693741231
1	33	-0.00019756120451895092
33	1	-0.00019756120451895092
2	8	-0.00015102070373813068
8	2	-0.00015102070373813068
2	31	-0.0001510123403944967
31	2	-0.0001510123403944967
2	32	-0.00015100603740438083
32	2	-0.00015100603740438083
2	33	-0.00015100293211257676
33	2	-0.00015100293211257676
35	4	-0.0001587361284102226
4	35	-0.0001587361284102226
35	32	-0.00019751284002279834
32	35	-0.00019751284002279834
35	14	-0.00019749062323627133
14	35	-0.00019749062323627133
35	33	-0.0001975082366360178
33	35	-0.0001975082366360178
4	38	-0.00015874411321200962
38	4	-0.00015874411321200962
4	39	-0.00015874455260949343
39	4	-0.00015874455260949343
4	40	-0.0001587483736543277
40	4	-0.0001587483736543277
4	41	-0.00015873255493893356
41	4	-0.00015873255493893356
4	42	-0.00015874923417706283
42	4	-0.00015874923417706283
4	29	-0.00015872099350302542
29	4	-0.00015872099350302542
31	5	-0.00015167848621660312
5	31	-0.00015167848621660312
31	6	-0.00015167992425242524
6	31	-0.00015167992425242524
31	9	-0.00014893001851669734
9	31	-0.00014893001851669734
31	10	-0.000148930509497581
10	31	-0.000148930509497581
31	11	-0.00019751972803144416
11	31	-0.00019751972803144416
31	32	-0.00019756293613560852
32	31	-0.00019756293613560852
31	14	-0.00019754071005928305
14	31	-0.00019754071005928305
31	33	-0.0001975583310197329
33	31	-0.0001975583310197329
8	37	-5.955137426217939e-05
37	8	-5.955137426217939e-05
8	38	-0.00019753346645191134
38	8	-0.00019753346645191134
8	11	-1.8198253937539276e-07
11	8	-1.8198253937539276e-07
8	32	-4.6495710070902365e-09
32	8	-4.6495710070902365e-09
8	14	-1.80745166036443e-07
14	8	-1.80745166036443e-07
8	39	-0.0001975340133857297
39	8	-0.0001975340133857297
8	17	-6.179887974987807e-05
17	8	-6.179887974987807e-05
8	47	-0.00015080341555401573
47	8	-0.00015080341555401573
8	40	-0.0001975359053124202
40	8	-0.0001975359053124202
8	20	-6.104104292503455e-05
20	8	-6.104104292503455e-05
8	33	-6.951645492289438e-09
33	8	-6.951645492289438e-09
8	6	-0.00017628456561479032
6	8	-0.00017628456561479032
8	23	-6.385006012226587e-05
23	8	-6.385006012226587e-05
8	9	-0.00019065758922589618
9	8	-0.00019065758922589618
8	48	-0.00015055015134440196
48	8	-0.00015055015134440196
8	42	-0.0001975369764079555
42	8	-0.0001975369764079555
8	26	-6.146521366116768e-05
26	8	-6.146521366116768e-05
8	44	-6.391266809669808e-05
44	8	-6.391266809669808e-05
8	5	-0.00015979296798674416
5	8	-0.00015979296798674416
5	32	-0.00015167214313695885
32	5	-0.00015167214313695885
5	33	-0.00015166901809463625
33	5	-0.00015166901809463625
6	32	-0.00015167358111800298
32	6	-0.00015167358111800298
6	33	-0.0001516704560486933
33	6	-0.0001516704560486933
7	33	-2.2792280302588346e-09
33	7	-2.2792280302588346e-09
8	10	-0.00019020518138705507
10	8	-0.00019020518138705507
8	13	-0.00016452762339344085
13	8	-0.00016452762339344085
8	15	-0.0001848413933853583
15	8	-0.0001848413933853583
9	32	-0.0001489238397163322
32	9	-0.0001489238397163322
9	33	-0.0001489207956079117
33	9	-0.0001489207956079117
10	32	-0.00014892433067878637
32	10	-0.00014892433067878637
10	33	-0.00014892128656128636
33	10	-0.00014892128656128636
11	32	-0.00019751505592928645
32	11	-0.00019751505592928645
11	33	-0.000197512754064321
33	11	-0.000197512754064321
32	14	-0.000197550056178822
14	32	-0.000197550056178822
32	15	-0.00015033492637601012
15	32	-0.00015033492637601012
32	33	-0.00019756767814927773
33	32	-0.00019756767814927773
12	33	-5.698070075647087e-10
33	12	-5.698070075647087e-10
14	33	-0.00019755466101493627
33	14	-0.00019755466101493627
15	33	-0.00015033184090980858
33	15	-0.00015033184090980858
