20	19	1
19	17	1
18	17	1
17	14	1
16	14	1
15	12	1
14	12	1
13	10	1
12	10	1
11	8	1
10	8	1
9	6	1
8	6	1
7	4	1
6	4	1
5	2	1
4	2	1
3	1	1
2	1	1
1	0	1
43	42	1
42	40	1
41	40	1
40	38	1
39	36	1
38	34	1
37	34	1
36	33	1
35	33	1
34	31	1
33	31	1
32	29	1
31	29	1
30	27	1
29	27	1
28	25	1
27	25	1
26	23	1
25	23	1
24	22	1
23	22	1
22	21	1
66	65	1
65	63	1
64	63	1
63	61	1
62	59	1
61	57	1
60	57	1
59	56	1
58	56	1
57	54	1
56	54	1
55	52	1
54	52	1
53	50	1
52	50	1
51	48	1
50	48	1
49	46	1
48	46	1
47	45	1
46	45	1
45	44	1
89	88	1
88	86	1
87	86	1
86	84	1
85	82	1
84	80	1
83	80	1
82	79	1
81	79	1
80	77	1
79	77	1
78	75	1
77	75	1
76	73	1
75	73	1
74	71	1
73	71	1
72	69	1
71	69	1
70	68	1
69	68	1
68	67	1
112	111	1
111	109	1
110	109	1
109	107	1
108	105	1
107	103	1
106	103	1
105	102	1
104	102	1
103	100	1
102	100	1
101	98	1
100	98	1
99	96	1
98	96	1
97	94	1
96	94	1
95	92	1
94	92	1
93	91	1
92	91	1
91	90	1
135	134	1
134	132	1
133	132	1
132	130	1
131	128	1
130	126	1
129	126	1
128	125	1
127	125	1
126	123	1
125	123	1
124	121	1
123	121	1
122	119	1
121	119	1
120	117	1
119	117	1
118	115	1
117	115	1
116	114	1
115	114	1
114	113	1
157	155	1
156	153	1
155	151	1
154	151	1
153	150	1
152	150	1
151	148	1
150	148	1
149	146	1
148	146	1
147	144	1
146	144	1
145	142	1
144	142	1
143	140	1
142	140	1
141	138	1
140	138	1
139	137	1
138	137	1
137	136	1
180	179	1
179	177	1
178	177	1
177	175	1
176	173	1
175	171	1
174	171	1
173	170	1
172	170	1
171	168	1
170	168	1
169	166	1
168	166	1
167	164	1
166	164	1
165	162	1
164	162	1
163	160	1
162	160	1
161	159	1
160	159	1
159	158	1
203	202	1
202	200	1
201	200	1
200	198	1
199	196	1
198	194	1
197	194	1
196	193	1
195	193	1
194	191	1
193	191	1
192	189	1
191	189	1
190	187	1
189	187	1
188	185	1
187	185	1
186	183	1
185	183	1
184	182	1
183	182	1
182	181	1
225	223	1
224	221	1
223	219	1
222	219	1
221	218	1
220	218	1
219	216	1
218	216	1
217	214	1
216	214	1
215	212	1
214	212	1
213	210	1
212	210	1
211	208	1
210	208	1
209	206	1
208	206	1
207	205	1
206	205	1
205	204	1
0	22	-0.00019630562319415546
22	0	-0.00019630562319415546
0	45	-0.0001973585406139961
45	0	-0.0001973585406139961
0	68	-0.0001974510326893671
68	0	-0.0001974510326893671
0	91	-0.00019645108114754302
91	0	-0.00019645108114754302
0	114	-0.00019746694917455106
114	0	-0.00019746694917455106
0	137	-0.00019648891732659932
137	0	-0.00019648891732659932
0	159	-0.00019739091347488363
159	0	-0.00019739091347488363
0	182	-0.000197521439187165
182	0	-0.000197521439187165
0	205	-0.00019624597976888384
205	0	-0.00019624597976888384
1	22	-0.0001962068031440343
22	1	-0.0001962068031440343
1	45	-0.00019725865817279539
45	1	-0.00019725865817279539
1	68	-0.00019734810559602947
68	1	-0.00019734810559602947
1	91	-0.00019635211466868948
91	1	-0.00019635211466868948
1	114	-0.00019736400549487742
114	1	-0.00019736400549487742
1	137	-0.00019643728852883273
137	1	-0.00019643728852883273
1	159	-0.00019728215049713387
159	1	-0.00019728215049713387
1	182	-0.00019741548555366552
182	1	-0.00019741548555366552
1	205	-0.00019619447848346318
205	1	-0.00019619447848346318
3	24	-3.841683289947855e-05
24	3	-3.841683289947855e-05
3	47	-6.91502992190614e-05
47	3	-6.91502992190614e-05
3	70	-7.408960630613722e-05
70	3	-7.408960630613722e-05
3	93	-4.116089239229845e-05
93	3	-4.116089239229845e-05
3	116	-7.518723010326517e-05
116	3	-7.518723010326517e-05
3	139	-4.116089239229845e-05
139	3	-4.116089239229845e-05
3	161	-7.134554681331731e-05
161	3	-7.134554681331731e-05
3	184	-7.902891339321304e-05
184	3	-7.902891339321304e-05
3	207	-3.731920910235061e-05
207	3	-3.731920910235061e-05
21	205	-0.0001975119719988834
205	21	-0.0001975119719988834
22	44	-0.00019651827349433554
44	22	-0.00019651827349433554
22	45	-0.00019651822573458255
45	22	-0.00019651822573458255
22	67	-0.0001964262165704507
67	22	-0.0001964262165704507
22	68	-0.00019642616881069774
68	22	-0.00019642616881069774
22	90	-0.00019742601923950612
90	22	-0.00019742601923950612
22	91	-0.00019742599535962964
91	22	-0.00019742599535962964
22	113	-0.00019641038421233512
113	22	-0.00019641038421233512
22	114	-0.00019641033645258216
114	22	-0.00019641033645258216
22	136	-0.00019738828903464548
136	22	-0.00019738828903464548
22	137	-0.0001973406806192744
137	22	-0.0001973406806192744
22	158	-0.00019648603566106847
158	22	-0.00019648603566106847
22	159	-0.00019648598790131548
159	22	-0.00019648598790131548
22	181	-0.00019635620077256997
181	22	-0.00019635620077256997
22	182	-0.00019635615301281703
182	22	-0.00019635615301281703
22	205	-0.0001975119481320515
205	22	-0.0001975119481320515
24	47	-0.00010976237971279586
47	24	-0.00010976237971279586
24	70	-0.0001024448877319428
70	24	-0.0001024448877319428
24	93	-0.00018440079791749703
93	24	-0.00018440079791749703
24	116	-0.00010094934192563707
116	24	-0.00010094934192563707
24	139	-0.00018440079791749703
139	24	-0.00018440079791749703
24	161	-0.00010638507572163291
161	24	-0.00010638507572163291
24	184	-9.604208224869638e-05
184	24	-9.604208224869638e-05
24	207	-0.00019192736109780313
207	24	-0.00019192736109780313
44	91	-0.00019666388901670633
91	44	-0.00019666388901670633
44	137	-0.00019670171456550524
137	44	-0.00019670171456550524
44	205	-0.00019645851390673444
205	44	-0.00019645851390673444
45	67	-0.00019747978081265208
67	45	-0.00019747978081265208
45	68	-0.00019747973279673182
68	45	-0.00019747973279673182
45	91	-0.00019666384122156444
91	45	-0.00019666384122156444
45	113	-0.00019746386353508593
113	45	-0.00019746386353508593
45	114	-0.0001974638155191657
114	45	-0.0001974638155191657
45	137	-0.00019670166677275084
137	45	-0.00019670166677275084
45	158	-0.00019753992075277748
158	45	-0.00019753992075277748
45	159	-0.00019753987273685722
159	45	-0.00019753987273685722
45	181	-0.00019740938947355118
181	45	-0.00019740938947355118
45	182	-0.00019740934145763095
182	45	-0.00019740934145763095
45	205	-0.00019645846617307065
205	45	-0.00019645846617307065
47	70	-0.00018440079791749703
70	47	-0.00018440079791749703
47	93	-0.0001176025496922813
93	47	-0.0001176025496922813
47	116	-0.00018170881546614675
116	47	-0.00018170881546614675
47	139	-0.0001176025496922813
139	47	-0.0001176025496922813
47	161	-0.00019149313629893925
161	47	-0.00019149313629893925
47	184	-0.00017287574804765348
184	47	-0.00017287574804765348
47	207	-0.00010662631172100172
207	47	-0.00010662631172100172
67	91	-0.00019657176388075746
91	67	-0.00019657176388075746
67	137	-0.00019660959403142525
137	67	-0.00019660959403142525
67	159	-0.00019751217900396508
159	67	-0.00019751217900396508
67	205	-0.00019636650726985469
205	67	-0.00019636650726985469
68	91	-0.0001965717160856156
91	68	-0.0001965717160856156
68	113	-0.0001975564065466988
113	68	-0.0001975564065466988
68	114	-0.00019755635850755713
114	68	-0.00019755635850755713
68	137	-0.00019660954623867085
137	68	-0.00019660954623867085
68	159	-0.00019750622576095587
159	68	-0.00019750622576095587
68	181	-0.00019750190614043354
181	68	-0.00019750190614043354
68	182	-0.00019750185810129186
182	68	-0.00019750185810129186
68	205	-0.00019636645953619093
205	68	-0.00019636645953619093
70	93	-0.00010976237971279586
93	70	-0.00010976237971279586
70	116	-0.0001946880165708715
116	70	-0.0001946880165708715
70	139	-0.00010976237971279586
139	70	-0.00010976237971279586
70	161	-0.0001902547915021795
161	70	-0.0001902547915021795
70	184	-0.00018522401576534302
184	70	-0.00018522401576534302
70	207	-9.95178909396016e-05
207	70	-9.95178909396016e-05
90	205	-0.0001973657637868146
205	90	-0.0001973657637868146
91	113	-0.0001965559197912285
113	91	-0.0001965559197912285
91	114	-0.00019655587199608667
114	91	-0.00019655587199608667
91	136	-0.0001975345492185285
136	91	-0.0001975345492185285
91	137	-0.00019748687026745486
137	91	-0.00019748687026745486
91	158	-0.00019663162729594602
158	91	-0.00019663162729594602
91	159	-0.00019663157950080415
159	91	-0.00019663157950080415
91	181	-0.00019650169620278026
181	91	-0.00019650169620278026
91	182	-0.00019650164840763842
182	91	-0.00019650164840763842
91	205	-0.00019736573991998272
205	91	-0.00019736573991998272
93	116	-0.00010816000920603972
116	93	-0.00010816000920603972
93	161	-0.00011398400970174955
161	93	-0.00011398400970174955
93	184	-0.00010290223098074611
184	93	-0.00010290223098074611
93	207	-0.0001791322036912829
207	93	-0.0001791322036912829
113	137	-0.0001965937507333461
137	113	-0.0001965937507333461
113	159	-0.0001974962584008401
159	113	-0.0001974962584008401
113	205	-0.00019635068356032128
205	113	-0.00019635068356032128
114	137	-0.00019659370294059173
137	114	-0.00019659370294059173
114	159	-0.0001974903056338251
159	114	-0.0001974903056338251
114	181	-0.00019751782672651542
181	114	-0.00019751782672651542
114	182	-0.0001975177786835013
182	114	-0.0001975177786835013
114	205	-0.00019635063582665755
205	114	-0.00019635063582665755
116	139	-0.00010816000920603972
139	116	-0.00010816000920603972
116	161	-0.00018747734929046886
161	116	-0.00018747734929046886
116	184	-0.00018796807525816293
184	116	-0.00018796807525816293
116	207	-9.806507501347603e-05
207	116	-9.806507501347603e-05
136	205	-0.00019732805419245145
205	136	-0.00019732805419245145
137	158	-0.00019666945445629433
158	137	-0.00019666945445629433
137	159	-0.00019666940666353993
159	137	-0.00019666940666353993
137	181	-0.0001965395298534946
181	137	-0.0001965395298534946
137	182	-0.00019653948206074023
182	137	-0.00019653948206074023
137	205	-0.0001973280064587877
205	137	-0.0001973280064587877
139	161	-0.00011398400970174955
161	139	-0.00011398400970174955
139	184	-0.00010290223098074611
184	139	-0.00010290223098074611
139	207	-0.0001791322036912829
207	139	-0.0001791322036912829
158	205	-0.0001964262936837026
205	158	-0.0001964262936837026
159	181	-0.00019744177295816963
181	159	-0.00019744177295816963
159	182	-0.0001974387733320654
182	159	-0.0001974387733320654
159	205	-0.00019642624595003885
205	159	-0.00019642624595003885
161	184	-0.00017836386703329327
184	161	-0.00017836386703329327
161	207	-0.00010334550212958629
207	161	-0.00010334550212958629
181	205	-0.00019629652971879595
205	181	-0.00019629652971879595
182	205	-0.00019629648198513222
205	182	-0.00019629648198513222
184	207	-9.32980227558765e-05
207	184	-9.32980227558765e-05
0	22	-0.00019630562319415546
22	0	-0.00019630562319415546
0	23	-0.00019630835838078283
23	0	-0.00019630835838078283
0	25	-0.00019631021568835094
25	0	-0.00019631021568835094
0	27	-0.00019631595794557984
27	0	-0.00019631595794557984
0	29	-0.00019631717450529248
29	0	-0.00019631717450529248
0	31	-0.00019633725788339106
31	0	-0.00019633725788339106
0	45	-0.0001973585406139961
45	0	-0.0001973585406139961
0	46	-0.00019736261873159165
46	0	-0.00019736261873159165
0	48	-0.00019736446651444074
48	0	-0.00019736446651444074
0	50	-0.0001973702945984241
50	0	-0.0001973702945984241
0	52	-0.00019737163876884113
52	0	-0.00019737163876884113
0	54	-0.00019739190894635833
54	0	-0.00019739190894635833
0	68	-0.0001974510326893671
68	0	-0.0001974510326893671
0	69	-0.00019745533025884428
69	0	-0.00019745533025884428
0	71	-0.00019745720332666535
71	0	-0.00019745720332666535
0	73	-0.0001974630369762569
73	0	-0.0001974630369762569
0	75	-0.00019746438195626783
75	0	-0.00019746438195626783
0	77	-0.00019748469501946887
77	0	-0.00019748469501946887
0	91	-0.00019645108114754302
91	0	-0.00019645108114754302
0	92	-0.00019645391467769675
92	0	-0.00019645391467769675
0	94	-0.00019645577397861964
94	0	-0.00019645577397861964
0	96	-0.00019646154851879767
96	0	-0.00019646154851879767
0	98	-0.000196462766139226
98	0	-0.000196462766139226
0	100	-0.00019648287855587393
100	0	-0.00019648287855587393
0	114	-0.00019746694917455106
114	0	-0.00019746694917455106
0	115	-0.0001974712953729002
115	0	-0.0001974712953729002
0	117	-0.0001974731686601072
117	0	-0.0001974731686601072
0	119	-0.00019747900325310617
119	0	-0.00019747900325310617
0	121	-0.00019748034836904708
121	0	-0.00019748034836904708
0	123	-0.0001975006646339234
123	0	-0.0001975006646339234
0	137	-0.00019648891732659932
137	0	-0.00019648891732659932
0	138	-0.00019649175106301126
138	0	-0.00019649175106301126
0	159	-0.00019739091347488363
159	0	-0.00019739091347488363
0	160	-0.00019739508891146665
160	0	-0.00019739508891146665
0	162	-0.00019739696120760455
162	0	-0.00019739696120760455
0	164	-0.00019740276747902706
164	0	-0.00019740276747902706
0	166	-0.00019740411198620374
166	0	-0.00019740411198620374
0	168	-0.00019742441357358683
168	0	-0.00019742441357358683
0	182	-0.000197521439187165
182	0	-0.000197521439187165
0	183	-0.0001975259557272878
183	0	-0.0001975259557272878
0	185	-0.00019752782979373884
185	0	-0.00019752782979373884
0	187	-0.0001975336436796174
187	0	-0.0001975336436796174
0	189	-0.0001975350133061467
189	0	-0.0001975350133061467
0	191	-0.00019755534083883475
191	0	-0.00019755534083883475
0	205	-0.00019624597976888384
205	0	-0.00019624597976888384
0	206	-0.00019624864182118964
206	0	-0.00019624864182118964
1	2	-0.000197561545796265
2	1	-0.000197561545796265
1	22	-0.0001962068031440343
22	1	-0.0001962068031440343
1	23	-0.0001962105553480808
23	1	-0.0001962105553480808
1	25	-0.00019621343059496898
25	1	-0.00019621343059496898
1	27	-0.0001962191671927978
27	1	-0.0001962191671927978
1	29	-0.00019622137869705663
29	1	-0.00019622137869705663
1	31	-0.00019624246255365156
31	1	-0.00019624246255365156
1	34	-5.723555676111228e-05
34	1	-5.723555676111228e-05
1	38	-4.376771269428321e-08
38	1	-4.376771269428321e-08
1	40	-4.376495633568354e-08
40	1	-4.376495633568354e-08
1	45	-0.00019725865817279539
45	1	-0.00019725865817279539
1	46	-0.00019726376291147812
46	1	-0.00019726376291147812
1	48	-0.00019726663961039536
48	1	-0.00019726663961039536
1	50	-0.00019727246191957292
50	1	-0.00019727246191957292
1	52	-0.00019727481162611904
52	1	-0.00019727481162611904
1	54	-0.00019729609297673521
54	1	-0.00019729609297673521
1	57	-5.723555676111228e-05
57	1	-5.723555676111228e-05
1	61	-4.376771269428321e-08
61	1	-4.376771269428321e-08
1	63	-4.376495633568354e-08
63	1	-4.376495633568354e-08
1	68	-0.00019734810559602947
68	1	-0.00019734810559602947
1	69	-0.0001973534304022883
69	1	-0.0001973534304022883
1	71	-0.00019735633327244508
71	1	-0.00019735633327244508
1	73	-0.00019736216096470576
73	1	-0.00019736216096470576
1	75	-0.00019736451238524068
75	1	-0.00019736451238524068
1	77	-0.00019738583693225146
77	1	-0.00019738583693225146
1	80	-5.723851144204609e-05
80	1	-5.723851144204609e-05
1	84	-4.6722393628090484e-08
84	1	-4.6722393628090484e-08
1	86	-4.671945119259303e-08
86	1	-4.671945119259303e-08
1	91	-0.00019635211466868948
91	1	-0.00019635211466868948
1	92	-0.00019635596662724203
92	1	-0.00019635596662724203
1	94	-0.00019635884537622596
94	1	-0.00019635884537622596
1	96	-0.00019636461422097067
96	1	-0.00019636461422097067
1	98	-0.00019636682826134163
98	1	-0.00019636682826134163
1	100	-0.00019638794262659173
100	1	-0.00019638794262659173
1	103	-5.723555676111228e-05
103	1	-5.723555676111228e-05
1	107	-4.376771269428321e-08
107	1	-4.376771269428321e-08
1	109	-4.376495633568354e-08
109	1	-4.376495633568354e-08
1	114	-0.00019736400549487742
114	1	-0.00019736400549487742
1	115	-0.00019736937904572645
115	1	-0.00019736937904572645
1	117	-0.00019737228230164887
117	1	-0.00019737228230164887
1	119	-0.0001973781109358723
119	1	-0.0001973781109358723
1	121	-0.00019738046265498923
121	1	-0.00019738046265498923
1	123	-0.00019740179056561058
123	1	-0.00019740179056561058
1	126	-5.723851144204609e-05
126	1	-5.723851144204609e-05
1	130	-4.6722393628090484e-08
130	1	-4.6722393628090484e-08
1	132	-4.671945119259303e-08
132	1	-4.671945119259303e-08
1	137	-0.00019643728852883273
137	1	-0.00019643728852883273
1	138	-0.00019644114244938982
138	1	-0.00019644114244938982
1	159	-0.00019728215049713387
159	1	-0.00019728215049713387
1	160	-0.00019728735242062793
160	1	-0.00019728735242062793
1	162	-0.00019729025377957621
162	1	-0.00019729025377957621
1	164	-0.0001972960537765896
164	1	-0.0001972960537765896
1	166	-0.00019729840403012337
166	1	-0.00019729840403012337
1	168	-0.00019731971527676216
168	1	-0.00019731971527676216
1	171	-5.724442080391371e-05
171	1	-5.724442080391371e-05
1	175	-5.263175549570501e-08
175	1	-5.263175549570501e-08
1	177	-5.2628440906411996e-08
177	1	-5.2628440906411996e-08
1	182	-0.00019741548555366552
182	1	-0.00019741548555366552
1	183	-0.00019742102970352721
183	1	-0.00019742102970352721
1	185	-0.00019742393425240331
185	1	-0.00019742393425240331
1	187	-0.00019742974202524666
187	1	-0.00019742974202524666
1	189	-0.00019743211874643566
189	1	-0.00019743211874643566
1	191	-0.00019745345787149017
191	1	-0.00019745345787149017
1	194	-5.72414661229799e-05
194	1	-5.72414661229799e-05
1	198	-4.9677074561897734e-08
198	1	-4.9677074561897734e-08
1	200	-4.9673946049502506e-08
200	1	-4.9673946049502506e-08
1	205	-0.00019619447848346318
205	1	-0.00019619447848346318
1	206	-0.00019619815828590445
206	1	-0.00019619815828590445
2	22	-0.0001961961413586508
22	2	-0.0001961961413586508
2	23	-0.00019619989339508391
23	2	-0.00019619989339508391
2	25	-0.00019620276852656818
25	2	-0.00019620276852656818
2	27	-0.00019620850478287586
27	2	-0.00019620850478287586
2	29	-0.00019621071620995044
29	2	-0.00019621071620995044
2	31	-0.00019623179886711184
31	2	-0.00019623179886711184
2	34	-5.72391020444807e-05
34	2	-5.72391020444807e-05
2	38	-4.480261641358752e-08
38	2	-4.480261641358752e-08
2	40	-4.480002897276399e-08
40	2	-4.480002897276399e-08
2	45	-0.00019724793373712498
45	2	-0.00019724793373712498
2	46	-0.00019725303822771628
46	2	-0.00019725303822771628
2	48	-0.00019725591481131085
48	2	-0.00019725591481131085
2	50	-0.00019726173677353986
50	2	-0.00019726173677353986
2	52	-0.0001972640863948635
52	2	-0.0001972640863948635
2	54	-0.00019728536653342964
54	2	-0.00019728536653342964
2	57	-5.72391020444807e-05
57	2	-5.72391020444807e-05
2	61	-4.480261641358752e-08
61	2	-4.480261641358752e-08
2	63	-4.480002897276399e-08
63	2	-4.480002897276399e-08
2	68	-0.00019733737566946893
68	2	-0.00019733737566946893
2	69	-0.00019734270021452217
69	2	-0.00019734270021452217
2	71	-0.00019734560296781002
71	2	-0.00019734560296781002
2	73	-0.0001973514303127685
73	2	-0.0001973514303127685
2	75	-0.00019735378164799456
75	2	-0.00019735378164799456
2	77	-0.00019737510498029053
77	2	-0.00019737510498029053
2	80	-5.724205685510743e-05
80	2	-5.724205685510743e-05
2	84	-4.7757427040328154e-08
84	2	-4.7757427040328154e-08
2	86	-4.775466895327337e-08
86	2	-4.775466895327337e-08
2	91	-0.00019634144423179008
91	2	-0.00019634144423179008
2	92	-0.00019634529601680618
92	2	-0.00019634529601680618
2	94	-0.0001963481746502008
94	2	-0.0001963481746502008
2	96	-0.00019635394315146014
96	2	-0.00019635394315146014
2	98	-0.0001963561571145231
98	2	-0.0001963561571145231
2	100	-0.00019637727027840601
100	2	-0.00019637727027840601
2	103	-5.72391020444807e-05
103	2	-5.72391020444807e-05
2	107	-4.480261641358752e-08
107	2	-4.480261641358752e-08
2	109	-4.480002897276399e-08
109	2	-4.480002897276399e-08
2	114	-0.00019735327462075273
114	2	-0.00019735327462075273
2	115	-0.00019735864790749167
115	2	-0.00019735864790749167
2	117	-0.00019736155104652472
117	2	-0.00019736155104652472
2	119	-0.00019736737933338488
119	2	-0.00019736737933338488
2	121	-0.000197369730967178
121	2	-0.000197369730967178
2	123	-0.00019739105766287105
123	2	-0.00019739105766287105
2	126	-5.724205685510743e-05
126	2	-5.724205685510743e-05
2	130	-4.7757427040328154e-08
130	2	-4.7757427040328154e-08
2	132	-4.775466895327337e-08
132	2	-4.775466895327337e-08
2	137	-0.00019642661560919896
137	2	-0.00019642661560919896
2	138	-0.00019643046935614045
138	2	-0.00019643046935614045
2	159	-0.00019727142418007613
159	2	-0.00019727142418007613
2	160	-0.0001972766258496795
160	2	-0.0001972766258496795
2	162	-0.0001972795270918367
162	2	-0.0001972795270918367
2	164	-0.0001972853267432083
164	2	-0.0001972853267432083
2	166	-0.00019728767691148995
166	2	-0.00019728767691148995
2	168	-0.00019730898694422593
168	2	-0.00019730898694422593
2	171	-5.7247966476360926e-05
171	2	-5.7247966476360926e-05
2	175	-5.366704829380941e-08
175	2	-5.366704829380941e-08
2	177	-5.366394891429211e-08
177	2	-5.366394891429211e-08
2	182	-0.00019740475145085291
182	2	-0.00019740475145085291
2	183	-0.00019741029532643518
183	2	-0.00019741029532643518
2	185	-0.00019741319975835205
185	2	-0.00019741319975835205
2	187	-0.0001974190071850543
187	2	-0.0001974190071850543
2	189	-0.0001974213838194383
189	2	-0.0001974213838194383
2	191	-0.00019744272172883654
191	2	-0.00019744272172883654
2	194	-5.724501166573418e-05
194	2	-5.724501166573418e-05
2	198	-5.071223766706877e-08
198	2	-5.071223766706877e-08
2	200	-5.070930893378273e-08
200	2	-5.070930893378273e-08
2	205	-0.00019618382001714672
205	2	-0.00019618382001714672
2	206	-0.00019618749965630958
206	2	-0.00019618749965630958
5	43	-3.945166889465216e-05
43	5	-3.945166889465216e-05
5	66	-3.945166889465216e-05
66	5	-3.945166889465216e-05
5	89	-3.945166889465216e-05
89	5	-3.945166889465216e-05
5	112	-3.945166889465216e-05
112	5	-3.945166889465216e-05
5	135	-3.945166889465216e-05
135	5	-3.945166889465216e-05
5	180	-3.945166889465216e-05
180	5	-3.945166889465216e-05
5	203	-3.945166889465216e-05
203	5	-3.945166889465216e-05
21	205	-0.0001975119719988834
205	21	-0.0001975119719988834
21	206	-0.00019751464460361984
206	21	-0.00019751464460361984
22	23	-0.0001975685104821558
23	22	-0.0001975685104821558
22	25	-0.00019756562106674336
25	22	-0.00019756562106674336
22	27	-0.00019755984219670038
27	22	-0.00019755984219670038
22	29	-0.0001975576214657
29	22	-0.0001975576214657
22	31	-0.00019753639277045754
31	22	-0.00019753639277045754
22	34	-5.678187870976985e-05
34	22	-5.678187870976985e-05
22	44	-0.00019651827349433554
44	22	-0.00019651827349433554
22	45	-0.00019651822573458255
45	22	-0.00019651822573458255
22	46	-0.00019651314482550916
46	22	-0.00019651314482550916
22	48	-0.00019651028477467856
48	22	-0.00019651028477467856
22	50	-0.00019650448202500733
50	22	-0.00019650448202500733
22	52	-0.00019650214725381316
52	22	-0.00019650214725381316
22	54	-0.00019648094792341502
54	22	-0.00019648094792341502
22	57	-5.678187870976985e-05
57	22	-5.678187870976985e-05
22	67	-0.0001964262165704507
67	22	-0.0001964262165704507
22	68	-0.00019642616881069774
68	22	-0.00019642616881069774
22	69	-0.0001964218943128053
69	22	-0.0001964218943128053
22	71	-0.00019642003168243876
71	22	-0.00019642003168243876
22	73	-0.00019641422887245068
73	22	-0.00019641422887245068
22	75	-0.00019641277290071468
75	22	-0.00019641277290071468
22	77	-0.00019639154983991787
77	22	-0.00019639154983991787
22	80	-5.6785659073203815e-05
80	22	-5.6785659073203815e-05
22	90	-0.00019742601923950612
90	22	-0.00019742601923950612
22	91	-0.00019742599535962964
91	22	-0.00019742599535962964
22	92	-0.0001974221276000369
92	22	-0.0001974221276000369
22	94	-0.00019741923894540657
94	22	-0.00019741923894540657
22	96	-0.00019741343619573534
96	22	-0.00019741343619573534
22	98	-0.00019741121620793807
98	22	-0.00019741121620793807
22	100	-0.00019738998827358617
100	22	-0.00019738998827358617
22	103	-5.678187870976985e-05
103	22	-5.678187870976985e-05
22	113	-0.00019641038421233512
113	22	-0.00019641038421233512
22	114	-0.00019641033645258216
114	22	-0.00019641033645258216
22	115	-0.0001964060141949367
115	22	-0.0001964060141949367
22	117	-0.00019640415156457015
117	22	-0.00019640415156457015
22	119	-0.0001963983487545821
119	22	-0.0001963983487545821
22	121	-0.00019639689279244297
121	22	-0.00019639689279244297
22	123	-0.00019637566981417877
123	22	-0.00019637566981417877
22	126	-5.6785659073203815e-05
126	22	-5.6785659073203815e-05
22	136	-0.00019738828903464548
136	22	-0.00019738828903464548
22	137	-0.0001973406806192744
137	22	-0.0001973406806192744
22	138	-0.00019733681423490646
138	22	-0.00019733681423490646
22	158	-0.00019648603566106847
158	22	-0.00019648603566106847
22	159	-0.00019648598790131548
159	22	-0.00019648598790131548
22	160	-0.00019648183280280548
160	22	-0.00019648183280280548
22	162	-0.00019647997017243894
162	22	-0.00019647997017243894
22	164	-0.0001964741912423274
164	22	-0.0001964741912423274
22	166	-0.00019647285396924373
166	22	-0.00019647285396924373
22	168	-0.0001964526515937297
168	22	-0.0001964526515937297
22	171	-5.6793220137197875e-05
171	22	-5.6793220137197875e-05
22	181	-0.00019635620077256997
181	22	-0.00019635620077256997
22	182	-0.00019635615301281703
182	22	-0.00019635615301281703
22	183	-0.0001963516635960361
183	22	-0.0001963516635960361
22	185	-0.00019634980096566956
185	22	-0.00019634980096566956
22	187	-0.000196344022035558
187	22	-0.000196344022035558
22	189	-0.00019634266088259782
189	22	-0.00019634266088259782
22	191	-0.00019632245850708383
191	22	-0.00019632245850708383
22	194	-5.678943954901148e-05
194	22	-5.678943954901148e-05
22	205	-0.0001975119481320515
205	22	-0.0001975119481320515
22	206	-0.000197514620736589
206	22	-0.000197514620736589
23	25	-0.0001975693940078488
25	23	-0.0001975693940078488
23	27	-0.00019756361505748126
27	23	-0.00019756361505748126
23	29	-0.00019756139427646105
29	23	-0.00019756139427646105
23	31	-0.00019754016526654097
31	23	-0.00019754016526654097
23	34	-5.6783694304055805e-05
34	23	-5.6783694304055805e-05
23	44	-0.00019652101053154489
44	23	-0.00019652101053154489
23	45	-0.00019652096277137626
45	23	-0.00019652096277137626
23	46	-0.00019651690315704393
46	23	-0.00019651690315704393
23	48	-0.00019651404304692636
48	23	-0.00019651404304692636
23	50	-0.00019650824021659864
50	23	-0.00019650824021659864
23	52	-0.000196505905393874
52	23	-0.000196505905393874
23	54	-0.00019648470574928263
54	23	-0.00019648470574928263
23	57	-5.6783694304055805e-05
57	23	-5.6783694304055805e-05
23	67	-0.00019642895280653786
67	23	-0.00019642895280653786
23	68	-0.0001964289050463692
68	23	-0.0001964289050463692
23	69	-0.00019642463051127812
69	23	-0.00019642463051127812
23	71	-0.00019642276786470208
71	23	-0.00019642276786470208
23	73	-0.00019641696500421525
73	23	-0.00019641696500421525
23	75	-0.000196415627719494
75	23	-0.000196415627719494
23	77	-0.00019639530647903977
77	23	-0.00019639530647903977
23	80	-5.678747474700696e-05
80	23	-5.678747474700696e-05
23	90	-0.00019742876417634195
90	23	-0.00019742876417634195
23	91	-0.00019742874029625765
91	23	-0.00019742874029625765
23	92	-0.000197425898566225
92	23	-0.000197425898566225
23	94	-0.00019742300985184445
94	23	-0.00019742300985184445
23	96	-0.00019741720702151673
96	23	-0.00019741720702151673
23	98	-0.0001974149869837203
98	23	-0.0001974149869837203
23	100	-0.00019739375873471194
100	23	-0.00019739375873471194
23	103	-5.6783694304055805e-05
103	23	-5.6783694304055805e-05
23	113	-0.00019641312031064168
113	23	-0.00019641312031064168
23	114	-0.00019641307255047308
114	23	-0.00019641307255047308
23	115	-0.0001964087502552133
115	23	-0.0001964087502552133
23	117	-0.0001964068876086373
117	23	-0.0001964068876086373
23	119	-0.00019640108474815052
119	23	-0.00019640108474815052
23	121	-0.00019639974746342925
121	23	-0.00019639974746342925
23	123	-0.00019637942623257205
123	23	-0.00019637942623257205
23	126	-5.678747474700696e-05
126	23	-5.678747474700696e-05
23	136	-0.00019739103364313545
136	23	-0.00019739103364313545
23	137	-0.000197344449564603
137	23	-0.000197344449564603
23	138	-0.0001973405831069225
138	23	-0.0001973405831069225
23	158	-0.0001964887724177292
158	23	-0.0001964887724177292
23	159	-0.00019648872465756055
159	23	-0.00019648872465756055
23	160	-0.00019648456952289098
160	23	-0.00019648456952289098
23	162	-0.00019648270687631496
162	23	-0.00019648270687631496
23	164	-0.00019647692789591246
164	23	-0.00019647692789591246
23	166	-0.0001964755906111912
166	23	-0.0001964755906111912
23	168	-0.00019645538805986669
168	23	-0.00019645538805986669
23	171	-5.679503597004719e-05
171	23	-5.679503597004719e-05
23	181	-0.000196358936399347
181	23	-0.000196358936399347
23	182	-0.0001963588886391784
182	23	-0.0001963588886391784
23	183	-0.0001963543991833285
183	23	-0.0001963543991833285
23	185	-0.00019635253653675248
185	23	-0.00019635253653675248
23	187	-0.00019634675755634997
187	23	-0.00019634675755634997
23	189	-0.0001963453963915444
189	23	-0.0001963453963915444
23	191	-0.00019632519384021993
191	23	-0.00019632519384021993
23	194	-5.6791255302335776e-05
194	23	-5.6791255302335776e-05
23	205	-0.00019750920344638586
205	23	-0.00019750920344638586
23	206	-0.00019751187602804556
206	23	-0.00019751187602804556
25	27	-0.00019756650447818274
27	25	-0.00019756650447818274
25	29	-0.00019756428366155782
29	25	-0.00019756428366155782
25	31	-0.0001975430544364819
31	25	-0.0001975430544364819
25	34	-5.6785256066444306e-05
34	25	-5.6785256066444306e-05
25	44	-0.00019652286873871307
44	25	-0.00019652286873871307
25	45	-0.00019652282097834244
45	25	-0.00019652282097834244
25	46	-0.00019651876134683637
46	25	-0.00019651876134683637
25	48	-0.00019651692257256596
48	25	-0.00019651692257256596
25	50	-0.00019651111968753082
50	25	-0.00019651111968753082
25	52	-0.0001965087848281768
52	25	-0.0001965087848281768
25	54	-0.00019648758496875816
54	25	-0.00019648758496875816
25	57	-5.6785256066444306e-05
57	25	-5.6785256066444306e-05
25	67	-0.00019643081062426657
67	25	-0.00019643081062426657
25	68	-0.0001964307628638959
68	25	-0.0001964307628638959
25	69	-0.0001964264883107219
69	25	-0.0001964264883107219
25	71	-0.00019642462565626616
71	25	-0.00019642462565626616
25	73	-0.000196418822771231
73	25	-0.000196418822771231
25	75	-0.00019641748548085254
75	25	-0.00019641748548085254
25	77	-0.00019639728284406347
77	25	-0.00019639728284406347
25	80	-5.67890365682396e-05
80	25	-5.67890365682396e-05
25	90	-0.00019743062622365598
90	25	-0.00019743062622365598
25	91	-0.0001974306023434707
91	25	-0.0001974306023434707
25	92	-0.00019742776060141642
92	25	-0.00019742776060141642
25	94	-0.00019742589794696067
94	25	-0.00019742589794696067
25	96	-0.00019742009506192555
96	25	-0.00019742009506192555
25	98	-0.0001974178749885384
98	25	-0.0001974178749885384
25	100	-0.00019739664652438854
100	25	-0.00019739664652438854
25	103	-5.6785256066444306e-05
103	25	-5.6785256066444306e-05
25	113	-0.00019641497806139287
113	25	-0.00019641497806139287
25	114	-0.00019641493030102226
114	25	-0.00019641493030102226
25	115	-0.00019641060798747753
115	25	-0.00019641060798747753
25	117	-0.0001964087453330218
117	25	-0.0001964087453330218
25	119	-0.00019640294244798666
119	25	-0.00019640294244798666
25	121	-0.0001964016051576082
121	25	-0.0001964016051576082
25	123	-0.00019638140252081914
123	25	-0.00019638140252081914
25	126	-5.67890365682396e-05
126	25	-5.67890365682396e-05
25	136	-0.00019739289553083488
136	25	-0.00019739289553083488
25	137	-0.00019734733625335795
137	25	-0.00019734733625335795
25	138	-0.0001973434697442347
138	25	-0.0001973434697442347
25	158	-0.0001964906304885178
158	25	-0.0001964906304885178
25	159	-0.00019649058272814716
159	25	-0.00019649058272814716
25	160	-0.00019648642757589974
160	25	-0.00019648642757589974
25	162	-0.000196484564921444
162	25	-0.000196484564921444
25	164	-0.0001964787859165942
164	25	-0.0001964787859165942
25	166	-0.00019647744862621574
166	25	-0.00019647744862621574
25	168	-0.00019645724598942667
168	25	-0.00019645724598942667
25	171	-5.67965979089765e-05
171	25	-5.67965979089765e-05
25	181	-0.0001963607939208795
181	25	-0.0001963607939208795
25	182	-0.00019636074616050887
182	25	-0.00019636074616050887
25	183	-0.00019635625668566685
183	25	-0.00019635625668566685
25	185	-0.00019635439403121113
185	25	-0.00019635439403121113
25	187	-0.0001963486150263613
187	25	-0.0001963486150263613
25	189	-0.00019634725385579748
189	25	-0.00019634725385579748
25	191	-0.00019632705121900846
191	25	-0.00019632705121900846
25	194	-5.679281718241533e-05
194	25	-5.679281718241533e-05
25	205	-0.00019750734183349958
205	25	-0.00019750734183349958
25	206	-0.00019751001439964218
206	25	-0.00019751001439964218
27	29	-0.0001975700625721094
29	27	-0.0001975700625721094
27	31	-0.00019754883269602972
31	27	-0.00019754883269602972
27	34	-5.678691663542628e-05
34	27	-5.678691663542628e-05
27	44	-0.0001965286172162424
44	27	-0.0001965286172162424
27	45	-0.00019652856945447472
45	27	-0.00019652856945447472
27	46	-0.00019652450970422062
46	27	-0.00019652450970422062
27	48	-0.00019652267087616435
48	27	-0.00019652267087616435
27	50	-0.00019651686782138942
50	27	-0.00019651686782138942
27	52	-0.00019651453286455804
52	27	-0.00019651453286455804
27	54	-0.0001964933323551551
54	27	-0.0001964933323551551
27	57	-5.678691663542628e-05
57	27	-5.678691663542628e-05
27	67	-0.00019643655640901004
67	27	-0.00019643655640901004
27	68	-0.00019643650864724233
68	27	-0.00019643650864724233
27	69	-0.00019643223396903365
69	27	-0.00019643223396903365
27	71	-0.00019643037126009354
71	27	-0.00019643037126009354
27	73	-0.00019642456820531855
73	27	-0.00019642456820531855
27	75	-0.00019642323087582308
75	27	-0.00019642323087582308
27	77	-0.00019640302764808803
77	27	-0.00019640302764808803
27	80	-5.679069727245795e-05
80	27	-5.679069727245795e-05
27	90	-0.0001974364012539399
90	27	-0.0001974364012539399
27	91	-0.00019743637737305606
91	27	-0.00019743637737305606
27	92	-0.0001974335355478782
92	27	-0.0001974335355478782
27	94	-0.0001974316728389381
94	27	-0.0001974316728389381
27	96	-0.00019742586978416317
96	27	-0.00019742586978416317
27	98	-0.00019742364961652126
98	27	-0.00019742364961652126
27	100	-0.00019740242050141215
100	27	-0.00019740242050141215
27	103	-5.678691663542628e-05
103	27	-5.678691663542628e-05
27	113	-0.0001964207233830191
113	27	-0.0001964207233830191
27	114	-0.00019642067562125143
114	27	-0.00019642067562125143
27	115	-0.00019641635318127498
115	27	-0.00019641635318127498
27	117	-0.00019641449047233487
117	27	-0.00019641449047233487
27	119	-0.00019640868741755993
119	27	-0.00019640868741755993
27	121	-0.00019640735008806447
121	27	-0.00019640735008806447
27	123	-0.00019638714686032941
123	27	-0.00019638714686032941
27	126	-5.679069727245795e-05
126	27	-5.679069727245795e-05
27	136	-0.00019739866945746076
136	27	-0.00019739866945746076
27	137	-0.00019735310751634605
137	27	-0.00019735310751634605
27	138	-0.00019734924086416147
138	27	-0.00019734924086416147
27	158	-0.0001964963780230482
158	27	-0.0001964963780230482
27	159	-0.00019649633026128048
159	27	-0.00019649633026128048
27	160	-0.000196492174987491
160	27	-0.000196492174987491
27	162	-0.0001964903122785509
162	27	-0.0001964903122785509
27	164	-0.00019648453310465978
164	27	-0.00019648453310465978
27	166	-0.00019648319577516435
166	27	-0.00019648319577516435
27	168	-0.0001964629925474293
168	27	-0.0001964629925474293
27	171	-5.679825888368951e-05
171	27	-5.679825888368951e-05
27	181	-0.00019636653765756898
181	27	-0.00019636653765756898
27	182	-0.0001963664898958013
182	27	-0.0001963664898958013
27	183	-0.00019636200028963794
183	27	-0.00019636200028963794
27	185	-0.00019636013758069784
185	27	-0.00019636013758069784
27	187	-0.0001963543584068067
187	27	-0.0001963543584068067
27	189	-0.00019635299719642738
189	27	-0.00019635299719642738
27	191	-0.00019633279396869238
191	27	-0.00019633279396869238
27	194	-5.6794478021877356e-05
194	27	-5.6794478021877356e-05
27	205	-0.00019750156606018572
205	27	-0.00019750156606018572
27	206	-0.0001975042385781855
206	27	-0.0001975042385781855
29	31	-0.00019755105346453975
31	29	-0.00019755105346453975
29	34	-5.6788269332309025e-05
34	29	-5.6788269332309025e-05
29	44	-0.00019652983400729557
44	29	-0.00019652983400729557
29	45	-0.0001965297862454759
45	29	-0.0001965297862454759
29	46	-0.00019652572649080544
46	29	-0.00019652572649080544
29	48	-0.0001965238876607488
48	29	-0.0001965238876607488
29	50	-0.00019651808459966104
50	29	-0.00019651808459966104
29	52	-0.00019651674726871074
52	29	-0.00019651674726871074
29	54	-0.0001964955466171095
54	29	-0.0001964955466171095
29	57	-5.6788269332309025e-05
57	29	-5.6788269332309025e-05
29	67	-0.0001964377730999152
67	29	-0.0001964377730999152
29	68	-0.00019643772533809557
68	29	-0.00019643772533809557
29	69	-0.0001964334506552367
69	29	-0.0001964334506552367
29	71	-0.00019643158794427023
71	29	-0.00019643158794427023
29	73	-0.00019642578488318242
73	29	-0.00019642578488318242
29	75	-0.00019642444755223215
75	29	-0.00019642444755223215
29	77	-0.0001964042443025191
77	29	-0.0001964042443025191
29	80	-5.679205001274615e-05
80	29	-5.679205001274615e-05
29	90	-0.00019743761903252214
90	29	-0.00019743761903252214
29	91	-0.0001974375951516123
91	29	-0.0001974375951516123
29	92	-0.000197434753323343
92	29	-0.000197434753323343
29	94	-0.00019743289061237653
94	29	-0.00019743289061237653
29	96	-0.00019742708755128877
96	29	-0.00019742708755128877
29	98	-0.00019742586962488763
98	29	-0.00019742586962488763
29	100	-0.00019740464036737478
100	29	-0.00019740464036737478
29	103	-5.6788269332309025e-05
103	29	-5.6788269332309025e-05
29	113	-0.0001964219400567004
113	29	-0.0001964219400567004
29	114	-0.00019642189229488076
114	29	-0.00019642189229488076
29	115	-0.00019641756985020218
115	29	-0.00019641756985020218
29	117	-0.00019641570713923573
117	29	-0.00019641570713923573
29	119	-0.00019640990407814797
119	29	-0.00019640990407814797
29	121	-0.0001964085667471977
121	29	-0.0001964085667471977
29	123	-0.00019638836349748464
123	29	-0.00019638836349748464
29	126	-5.679205001274615e-05
126	29	-5.679205001274615e-05
29	136	-0.00019739988719499663
136	29	-0.00019739988719499663
29	137	-0.00019735532658935386
137	29	-0.00019735532658935386
29	138	-0.00019735145990180803
138	29	-0.00019735145990180803
29	158	-0.00019649759477903008
158	29	-0.00019649759477903008
29	159	-0.0001964975470172104
159	29	-0.0001964975470172104
29	160	-0.00019649339173890063
160	29	-0.00019649339173890063
29	162	-0.0001964915290279342
162	29	-0.0001964915290279342
29	164	-0.00019648574984775622
164	29	-0.00019648574984775622
29	166	-0.00019648441251680595
166	29	-0.00019648441251680595
29	168	-0.0001964642092670929
168	29	-0.0001964642092670929
29	171	-5.6799611710794604e-05
171	29	-5.6799611710794604e-05
29	181	-0.00019636775427230453
181	29	-0.00019636775427230453
29	182	-0.0001963677065104849
182	29	-0.0001963677065104849
29	183	-0.00019636321689943756
183	29	-0.00019636321689943756
29	185	-0.0001963613541884711
185	29	-0.0001963613541884711
29	187	-0.00019635557500829315
187	29	-0.00019635557500829315
29	189	-0.00019635421379643304
189	29	-0.00019635421379643304
29	191	-0.00019633401054672
191	29	-0.00019633401054672
29	194	-5.679583080557301e-05
194	29	-5.679583080557301e-05
29	205	-0.00019750034885176006
205	29	-0.00019750034885176006
29	206	-0.00019750302135961402
206	29	-0.00019750302135961402
31	34	-5.67951021086218e-05
34	31	-5.67951021086218e-05
31	44	-0.0001965499380281341
44	31	-0.0001965499380281341
31	45	-0.00019654989026167822
45	31	-0.00019654989026167822
31	46	-0.00019654583011292966
46	31	-0.00019654583011292966
31	48	-0.0001965439911043788
48	31	-0.0001965439911043788
31	50	-0.00019653818747999112
50	31	-0.00019653818747999112
31	52	-0.00019653685001922683
52	31	-0.00019653685001922683
31	54	-0.0001965166686916235
54	31	-0.0001965166686916235
31	57	-5.67951021086218e-05
57	31	-5.67951021086218e-05
31	67	-0.00019645786818445253
67	31	-0.00019645786818445253
31	68	-0.00019645782041799667
68	31	-0.00019645782041799667
31	69	-0.00019645354532019668
69	31	-0.00019645354532019668
31	71	-0.0001964516824284179
71	31	-0.0001964516824284179
31	73	-0.00019644587880403018
73	31	-0.00019644587880403018
31	75	-0.00019644454134326591
75	31	-0.00019644454134326591
31	77	-0.00019642433613243463
77	31	-0.00019642433613243463
31	80	-5.6798883277172866e-05
80	31	-5.6798883277172866e-05
31	90	-0.00019745781117154986
90	31	-0.00019745781117154986
31	91	-0.00019745778728832194
91	31	-0.00019745778728832194
31	92	-0.0001974549451841979
92	31	-0.0001974549451841979
31	94	-0.00019745308229241913
94	31	-0.00019745308229241913
31	96	-0.00019744727866803145
96	31	-0.00019744727866803145
31	98	-0.00019744606062340684
98	31	-0.00019744606062340684
31	100	-0.00019742585541257556
100	31	-0.00019742585541257556
31	103	-5.67951021086218e-05
103	31	-5.67951021086218e-05
31	113	-0.00019644203360433298
113	31	-0.00019644203360433298
31	114	-0.00019644198583787712
114	31	-0.00019644198583787712
31	115	-0.00019643766297362122
