23	21	1
22	19	1
21	17	1
20	17	1
19	16	1
18	16	1
17	15	1
16	13	1
15	12	1
14	12	1
13	10	1
12	10	1
11	8	1
10	8	1
9	6	1
8	6	1
7	4	1
6	4	1
5	2	1
4	2	1
3	1	1
2	1	1
1	0	1
47	45	1
46	43	1
45	41	1
44	41	1
43	40	1
42	40	1
41	39	1
40	37	1
39	35	1
38	35	1
37	34	1
36	34	1
35	32	1
34	32	1
33	30	1
32	30	1
31	28	1
30	28	1
29	26	1
28	26	1
27	25	1
26	25	1
25	24	1
71	69	1
70	67	1
69	65	1
68	65	1
67	64	1
66	64	1
65	63	1
64	61	1
63	59	1
62	59	1
61	58	1
60	58	1
59	56	1
58	56	1
57	54	1
56	54	1
55	52	1
54	52	1
53	50	1
52	50	1
51	49	1
50	49	1
49	48	1
95	93	1
94	91	1
93	89	1
92	89	1
91	88	1
90	88	1
89	87	1
88	85	1
87	83	1
86	83	1
85	82	1
84	82	1
83	80	1
82	80	1
81	78	1
80	78	1
79	76	1
78	76	1
77	74	1
76	74	1
75	73	1
74	73	1
73	72	1
119	117	1
118	115	1
117	113	1
116	113	1
115	112	1
114	112	1
113	111	1
112	109	1
111	107	1
110	107	1
109	106	1
108	106	1
107	104	1
106	104	1
105	102	1
104	102	1
103	100	1
102	100	1
101	98	1
100	98	1
99	97	1
98	97	1
97	96	1
143	141	1
142	139	1
141	137	1
140	137	1
139	136	1
138	136	1
137	135	1
136	133	1
135	131	1
134	131	1
133	130	1
132	130	1
131	128	1
130	128	1
129	126	1
128	126	1
127	124	1
126	124	1
125	122	1
124	122	1
123	121	1
122	121	1
121	120	1
167	165	1
166	163	1
165	161	1
164	161	1
163	160	1
162	160	1
161	159	1
160	157	1
159	155	1
158	155	1
157	154	1
156	154	1
155	152	1
154	152	1
153	150	1
152	150	1
151	148	1
150	148	1
149	146	1
148	146	1
147	145	1
146	145	1
145	144	1
191	189	1
190	187	1
189	185	1
188	185	1
187	184	1
186	184	1
185	183	1
184	181	1
183	179	1
182	179	1
181	178	1
180	178	1
179	176	1
178	176	1
177	174	1
176	174	1
175	172	1
174	172	1
173	170	1
172	170	1
171	169	1
170	169	1
169	168	1
215	213	1
214	211	1
213	209	1
212	209	1
211	208	1
210	208	1
209	207	1
208	205	1
207	203	1
206	203	1
205	202	1
204	202	1
203	200	1
202	200	1
201	198	1
200	198	1
199	196	1
198	196	1
197	194	1
196	194	1
195	193	1
194	193	1
193	192	1
239	237	1
238	235	1
237	233	1
236	233	1
235	232	1
234	232	1
233	231	1
232	229	1
231	227	1
230	227	1
229	226	1
228	226	1
227	224	1
226	224	1
225	222	1
224	222	1
223	220	1
222	220	1
221	218	1
220	218	1
219	217	1
218	217	1
217	216	1
0	25	-0.00019753132545601658
25	0	-0.00019753132545601658
0	49	-0.00019752822905938294
49	0	-0.00019752822905938294
0	73	-0.00019753751824928392
73	0	-0.00019753751824928392
0	97	-0.00019752203626611562
97	0	-0.00019752203626611562
0	121	-0.000197540639815842
121	0	-0.000197540639815842
0	145	-0.00019752513265674148
145	0	-0.00019752513265674148
0	169	-0.00019752203626611562
169	0	-0.00019752203626611562
0	193	-0.00019752203626611562
193	0	-0.00019752203626611562
0	217	-0.00019751584346565693
217	0	-0.00019751584346565693
1	25	-0.000197468599704639
25	1	-0.000197468599704639
1	49	-0.00019746241059849975
49	1	-0.00019746241059849975
1	73	-0.00019748097849873325
73	1	-0.00019748097849873325
1	97	-0.00019745003296799148
97	1	-0.00019745003296799148
1	121	-0.000197487193343016
121	1	-0.000197487193343016
1	145	-0.00019745619652110992
145	1	-0.00019745619652110992
1	169	-0.00019745003296799148
169	1	-0.00019745003296799148
1	193	-0.00019745003296799148
193	1	-0.00019745003296799148
1	217	-0.00019743763094912169
217	1	-0.00019743763094912169
24	49	-0.00019756921226035527
49	24	-0.00019756921226035527
24	97	-0.00019756301946708795
97	24	-0.00019756301946708795
24	145	-0.00019756611586293577
145	24	-0.00019756611586293577
24	169	-0.00019756301946708795
169	24	-0.00019756301946708795
24	193	-0.00019756301946708795
193	24	-0.00019756301946708795
24	217	-0.0001975568266718512
217	24	-0.0001975568266718512
25	49	-0.00019756609078681859
49	25	-0.00019756609078681859
25	72	-0.00019756611586372162
72	25	-0.00019756611586372162
25	73	-0.00019755989828470504
73	25	-0.00019755989828470504
25	97	-0.00019755370597668303
97	25	-0.00019755370597668303
25	120	-0.00019756301946708795
120	25	-0.00019756301946708795
25	121	-0.00019755368080391018
121	25	-0.00019755368080391018
25	145	-0.0001975598731115378
145	25	-0.0001975598731115378
25	169	-0.00019755370597668303
169	25	-0.00019755370597668303
25	193	-0.00019755370597668303
193	25	-0.00019755370597668303
25	217	-0.00019754129677089277
217	25	-0.00019754129677089277
48	97	-0.0001975661158637216
97	48	-0.0001975661158637216
48	145	-0.00019756921225996395
145	48	-0.00019756921225996395
48	169	-0.0001975661158637216
169	48	-0.0001975661158637216
48	193	-0.0001975661158637216
193	48	-0.0001975661158637216
48	217	-0.00019755992306887937
217	48	-0.00019755992306887937
49	72	-0.00019756301946708798
72	49	-0.00019756301946708798
49	73	-0.000197553705976683
73	49	-0.000197553705976683
49	97	-0.0001975598982847051
97	49	-0.0001975598982847051
49	120	-0.00019755992307045428
120	49	-0.00019755992307045428
49	121	-0.00019754748869036488
121	49	-0.00019754748869036488
49	145	-0.00019756606561325676
145	49	-0.00019756606561325676
49	169	-0.0001975598982847051
169	49	-0.0001975598982847051
49	193	-0.0001975598982847051
193	49	-0.0001975598982847051
49	217	-0.00019754748869036488
217	49	-0.00019754748869036488
72	97	-0.00019755682667382064
97	72	-0.00019755682667382064
72	145	-0.0001975599230688794
145	72	-0.0001975599230688794
72	169	-0.00019755682667382064
169	72	-0.00019755682667382064
72	193	-0.00019755682667382064
193	72	-0.00019755682667382064
72	217	-0.00019755063387779482
217	72	-0.00019755063387779482
73	97	-0.00019754132194287657
97	73	-0.00019754132194287657
73	120	-0.00019756921226035527
120	73	-0.00019756921226035527
73	121	-0.00019756606561325676
121	73	-0.00019756606561325676
73	145	-0.00019754748869036488
145	73	-0.00019754748869036488
73	169	-0.00019754132194287657
169	73	-0.00019754132194287657
73	193	-0.00019754132194287657
193	73	-0.00019754132194287657
73	217	-0.00019752891351413137
217	73	-0.00019752891351413137
96	217	-0.00019756611586293577
217	96	-0.00019756611586293577
97	120	-0.00019755373027718697
120	97	-0.00019755373027718697
97	121	-0.0001975351050454846
121	97	-0.0001975351050454846
97	144	-0.00019756923743431164
144	97	-0.00019756923743431164
97	145	-0.00019756611595959453
145	97	-0.00019756611595959453
97	217	-0.00019755987311153775
217	97	-0.00019755987311153775
120	145	-0.0001975568266718512
145	120	-0.0001975568266718512
120	169	-0.00019755373027718697
169	120	-0.00019755373027718697
120	193	-0.00019755373027718697
193	120	-0.00019755373027718697
120	217	-0.0001975475374807666
217	120	-0.0001975475374807666
121	145	-0.0001975412715989089
145	121	-0.0001975412715989089
121	169	-0.0001975351050454846
169	121	-0.0001975351050454846
121	193	-0.0001975351050454846
193	121	-0.0001975351050454846
121	217	-0.00019752269700602342
217	121	-0.00019752269700602342
144	169	-0.00019756923743431164
169	144	-0.00019756923743431164
144	193	-0.00019756923743431164
193	144	-0.00019756923743431164
144	217	-0.00019756304463986715
217	144	-0.00019756304463986715
145	169	-0.00019756611595959453
169	145	-0.00019756611595959453
145	193	-0.00019756611595959453
193	145	-0.00019756611595959453
145	217	-0.00019755370597431603
217	145	-0.00019755370597431603
168	217	-0.00019756611586293577
217	168	-0.00019756611586293577
169	217	-0.00019755987311153775
217	169	-0.00019755987311153775
192	217	-0.00019756611586293577
217	192	-0.00019756611586293577
193	217	-0.00019755987311153775
217	193	-0.00019755987311153775
0	25	-0.00019753132545601658
25	0	-0.00019753132545601658
0	26	-0.00019753265962521696
26	0	-0.00019753265962521696
0	28	-0.00019753462302836595
28	0	-0.00019753462302836595
0	30	-0.0001975357810183946
30	0	-0.0001975357810183946
0	32	-0.00019755705158781245
32	0	-0.00019755705158781245
0	49	-0.00019752822905938294
49	0	-0.00019752822905938294
0	50	-0.000197529563224638
50	0	-0.000197529563224638
0	52	-0.00019753152661397828
52	0	-0.00019753152661397828
0	54	-0.000197532659433364
54	0	-0.000197532659433364
0	56	-0.0001975539548553958
56	0	-0.0001975539548553958
0	73	-0.00019753751824928392
73	0	-0.00019753751824928392
0	74	-0.0001975388775961069
74	0	-0.0001975388775961069
0	76	-0.00019754081585714138
76	0	-0.00019754081585714138
0	78	-0.00019754197385032633
78	0	-0.00019754197385032633
0	80	-0.0001975632702281835
80	0	-0.0001975632702281835
0	97	-0.00019752203626611562
97	0	-0.00019752203626611562
0	98	-0.00019752337042348004
98	0	-0.00019752337042348004
0	100	-0.00019752533378520292
100	0	-0.00019752533378520292
0	102	-0.00019752649177049708
102	0	-0.00019752649177049708
0	104	-0.00019754776139056248
104	0	-0.00019754776139056248
0	121	-0.000197540639815842
121	0	-0.000197540639815842
0	122	-0.00019754197399708044
122	0	-0.00019754197399708044
0	124	-0.00019754391227152905
124	0	-0.00019754391227152905
0	126	-0.00019754507026629214
126	0	-0.00019754507026629214
0	128	-0.00019756636696099478
128	0	-0.00019756636696099478
0	145	-0.00019752513265674148
145	0	-0.00019752513265674148
0	146	-0.0001975264668182212
146	0	-0.0001975264668182212
0	148	-0.00019752843019400294
148	0	-0.00019752843019400294
0	150	-0.0001975295630123494
150	0	-0.0001975295630123494
0	152	-0.0001975508581202489
152	0	-0.0001975508581202489
0	169	-0.00019752203626611562
169	0	-0.00019752203626611562
0	170	-0.00019752337042348004
170	0	-0.00019752337042348004
0	172	-0.00019752533378520292
172	0	-0.00019752533378520292
0	174	-0.00019752649177049708
174	0	-0.00019752649177049708
0	176	-0.00019754776139056248
176	0	-0.00019754776139056248
0	193	-0.00019752203626611562
193	0	-0.00019752203626611562
0	194	-0.00019752337042348004
194	0	-0.00019752337042348004
0	196	-0.00019752533378520292
196	0	-0.00019752533378520292
0	198	-0.00019752649177049708
198	0	-0.00019752649177049708
0	200	-0.00019754776139056248
200	0	-0.00019754776139056248
0	217	-0.00019751584346565693
217	0	-0.00019751584346565693
0	218	-0.00019751717761530067
218	0	-0.00019751717761530067
0	220	-0.00019751914094965625
220	0	-0.00019751914094965625
0	222	-0.00019752027376445188
222	0	-0.00019752027376445188
0	224	-0.0001975415679218151
224	0	-0.0001975415679218151
1	2	-0.00019756986706247873
2	1	-0.00019756986706247873
1	25	-0.000197468599704639
25	1	-0.000197468599704639
1	26	-0.0001974710149536829
26	1	-0.0001974710149536829
1	28	-0.00019747405908018316
28	1	-0.00019747405908018316
1	30	-0.00019747627315955043
30	1	-0.00019747627315955043
1	32	-0.00019749861311135392
32	1	-0.00019749861311135392
1	34	-5.9928164410136106e-05
34	1	-5.9928164410136106e-05
1	49	-0.00019746241059849975
49	1	-0.00019746241059849975
1	50	-0.0001974648257679219
50	1	-0.0001974648257679219
1	52	-0.00019746786978523735
52	1	-0.00019746786978523735
1	54	-0.00019747005864053299
54	1	-0.00019747005864053299
1	56	-0.00019749242272915402
56	1	-0.00019749242272915402
1	58	-5.993128337090974e-05
58	1	-5.993128337090974e-05
1	61	-2.9953710543608032e-09
61	1	-2.9953710543608032e-09
1	64	-2.9942891780406532e-09
64	1	-2.9942891780406532e-09
1	73	-0.00019748097849873325
73	1	-0.00019748097849873325
1	74	-0.00019748341906263665
74	1	-0.00019748341906263665
1	76	-0.00019748643825191802
76	1	-0.00019748643825191802
1	78	-0.00019748865247320318
78	1	-0.00019748865247320318
1	80	-0.00019751101961999133
80	1	-0.00019751101961999133
1	82	-5.992009434636027e-05
82	1	-5.992009434636027e-05
1	97	-0.00019745003296799148
97	1	-0.00019745003296799148
1	98	-0.00019745244797818144
98	1	-0.00019745244797818144
1	100	-0.00019745549177714342
100	1	-0.00019745549177714342
1	102	-0.0001974577056436589
102	1	-0.0001974577056436589
1	104	-0.00019748004254672007
104	1	-0.00019748004254672007
1	106	-5.99374754825011e-05
106	1	-5.99374754825011e-05
1	109	-9.18748264572853e-09
109	1	-9.18748264572853e-09
1	112	-9.184164285586891e-09
112	1	-9.184164285586891e-09
1	121	-0.000197487193343016
121	1	-0.000197487193343016
1	122	-0.00019748960883142575
122	1	-0.00019748960883142575
1	124	-0.0001974926281287253
124	1	-0.0001974926281287253
1	126	-0.00019749484242097444
126	1	-0.00019749484242097444
1	128	-0.00019751721058540393
128	1	-0.00019751721058540393
1	130	-5.9916059504156214e-05
130	1	-5.9916059504156214e-05
1	145	-0.00019745619652110992
145	1	-0.00019745619652110992
1	146	-0.00019745861161074414
146	1	-0.00019745861161074414
1	148	-0.0001974616555186301
148	1	-0.0001974616555186301
1	150	-0.0001974638443040134
150	1	-0.0001974638443040134
1	152	-0.00019748620737249241
152	1	-0.00019748620737249241
1	154	-5.9934379426705427e-05
154	1	-5.9934379426705427e-05
1	157	-6.0914268500446745e-09
157	1	-6.0914268500446745e-09
1	160	-6.089226731813781e-09
160	1	-6.089226731813781e-09
1	169	-0.00019745003296799148
169	1	-0.00019745003296799148
1	170	-0.00019745244797818144
170	1	-0.00019745244797818144
1	172	-0.00019745549177714342
172	1	-0.00019745549177714342
1	174	-0.0001974577056436589
174	1	-0.0001974577056436589
1	176	-0.00019748004254672007
176	1	-0.00019748004254672007
1	178	-5.99374754825011e-05
178	1	-5.99374754825011e-05
1	181	-9.18748264572853e-09
181	1	-9.18748264572853e-09
1	184	-9.184164285586891e-09
184	1	-9.184164285586891e-09
1	193	-0.00019745003296799148
193	1	-0.00019745003296799148
1	194	-0.00019745244797818144
194	1	-0.00019745244797818144
1	196	-0.00019745549177714342
196	1	-0.00019745549177714342
1	198	-0.0001974577056436589
198	1	-0.0001974577056436589
1	200	-0.00019748004254672007
200	1	-0.00019748004254672007
1	202	-5.99374754825011e-05
202	1	-5.99374754825011e-05
1	205	-9.18748264572853e-09
205	1	-9.18748264572853e-09
1	208	-9.184164285586891e-09
208	1	-9.184164285586891e-09
1	217	-0.00019743763094912169
217	1	-0.00019743763094912169
1	218	-0.00019744004579992473
218	1	-0.00019744004579992473
1	220	-0.0001974430893803046
220	1	-0.0001974430893803046
1	222	-0.0001974452779564032
222	1	-0.0001974452779564032
1	224	-0.00019746763797290955
224	1	-0.00019746763797290955
1	226	-5.9943667594092466e-05
226	1	-5.9943667594092466e-05
1	229	-1.537959423709625e-08
229	1	-1.537959423709625e-08
1	232	-1.537403939313313e-08
232	1	-1.537403939313313e-08
2	25	-0.0001974661843530613
25	2	-0.0001974661843530613
2	26	-0.00019746859957257062
26	2	-0.00019746859957257062
2	28	-0.0001974716436583996
28	2	-0.0001974716436583996
2	30	-0.00019747385771148686
30	2	-0.00019747385771148686
2	32	-0.00019749619728090176
32	2	-0.00019749619728090176
2	34	-5.992934602751523e-05
34	2	-5.992934602751523e-05
2	37	-9.816774785805417e-10
37	2	-9.816774785805417e-10
2	40	-9.813282872484668e-10
40	2	-9.813282872484668e-10
2	49	-0.00019745999531866124
49	2	-0.00019745999531866124
2	50	-0.00019746241045855015
50	2	-0.00019746241045855015
2	52	-0.00019746545443519628
52	2	-0.00019746545443519628
2	54	-0.00019746764326465858
54	2	-0.00019746764326465858
2	56	-0.00019749000697046488
56	2	-0.00019749000697046488
2	58	-5.993244208725537e-05
58	2	-5.993244208725537e-05
2	61	-4.077737218719161e-09
61	2	-4.077737218719161e-09
2	64	-4.076286731647465e-09
64	2	-4.076286731647465e-09
2	73	-0.0001974785630036673
73	2	-0.0001974785630036673
2	74	-0.00019748100353758784
74	2	-0.00019748100353758784
2	76	-0.00019748402268663954
76	2	-0.00019748402268663954
2	78	-0.00019748623688164226
78	2	-0.00019748623688164226
2	80	-0.00019750860364555763
80	2	-0.00019750860364555763
2	82	-5.9921581270318605e-05
82	2	-5.9921581270318605e-05
2	97	-0.00019744761783162135
97	2	-0.00019744761783162135
2	98	-0.00019745003281228083
98	2	-0.00019745003281228083
2	100	-0.0001974530765705774
100	2	-0.0001974530765705774
2	102	-0.00019745529041081654
102	2	-0.00019745529041081654
2	104	-0.00019747762693154698
104	2	-0.00019747762693154698
2	106	-5.993863420673564e-05
106	2	-5.993863420673564e-05
2	109	-1.0269856698996417e-08
109	2	-1.0269856698996417e-08
2	112	-1.026620362044548e-08
112	2	-1.026620362044548e-08
2	121	-0.00019748477777575547
121	2	-0.00019748477777575547
2	122	-0.00019748719323462642
122	2	-0.00019748719323462642
2	124	-0.00019749021249169436
124	2	-0.00019749021249169436
2	126	-0.00019749242675765985
126	2	-0.00019749242675765985
2	128	-0.0001975147945391973
128	2	-0.0001975147945391973
2	130	-5.9917546377571193e-05
130	2	-5.9917546377571193e-05
2	145	-0.00019745378131314506
145	2	-0.00019745378131314506
2	146	-0.00019745619637324743
146	2	-0.00019745619637324743
2	148	-0.0001974592402404661
148	2	-0.0001974592402404661
2	150	-0.0001974614290000172
150	2	-0.0001974614290000172
2	152	-0.0001974837916857008
152	2	-0.0001974837916857008
2	154	-5.993553814699551e-05
154	2	-5.993553814699551e-05
2	157	-7.1737969588577975e-09
157	2	-7.1737969588577975e-09
2	160	-7.171245176046481e-09
160	2	-7.171245176046481e-09
2	169	-0.00019744761783162135
169	2	-0.00019744761783162135
2	170	-0.00019745003281228083
170	2	-0.00019745003281228083
2	172	-0.0001974530765705774
172	2	-0.0001974530765705774
2	174	-0.00019745529041081654
174	2	-0.00019745529041081654
2	176	-0.00019747762693154698
176	2	-0.00019747762693154698
2	178	-5.993863420673564e-05
178	2	-5.993863420673564e-05
2	181	-1.0269856698996417e-08
181	2	-1.0269856698996417e-08
2	184	-1.026620362044548e-08
184	2	-1.026620362044548e-08
2	193	-0.00019744761783162135
193	2	-0.00019744761783162135
2	194	-0.00019745003281228083
194	2	-0.00019745003281228083
2	196	-0.0001974530765705774
196	2	-0.0001974530765705774
2	198	-0.00019745529041081654
198	2	-0.00019745529041081654
2	200	-0.00019747762693154698
200	2	-0.00019747762693154698
2	202	-5.993863420673564e-05
202	2	-5.993863420673564e-05
2	205	-1.0269856698996417e-08
205	2	-1.0269856698996417e-08
2	208	-1.026620362044548e-08
208	2	-1.026620362044548e-08
2	217	-0.00019743521595634453
217	2	-0.00019743521595634453
2	218	-0.00019743763077761987
218	2	-0.00019743763077761987
2	220	-0.00019744067431733822
220	2	-0.00019744067431733822
2	222	-0.00019744286286760827
222	2	-0.00019744286286760827
2	224	-0.00019746522250137713
224	2	-0.00019746522250137713
2	226	-5.9944826326215915e-05
226	2	-5.9944826326215915e-05
2	229	-1.6461976179273674e-08
229	2	-1.6461976179273674e-08
2	232	-1.6456120509243497e-08
232	2	-1.6456120509243497e-08
5	46	-5.200922928552287e-05
46	5	-5.200922928552287e-05
5	70	-5.200922928552287e-05
70	5	-5.200922928552287e-05
5	94	-5.200922928552287e-05
94	5	-5.200922928552287e-05
5	118	-5.200922928552287e-05
118	5	-5.200922928552287e-05
5	142	-5.200922928552287e-05
142	5	-5.200922928552287e-05
5	166	-5.200922928552287e-05
166	5	-5.200922928552287e-05
5	190	-5.200922928552287e-05
190	5	-5.200922928552287e-05
5	214	-5.200922928552287e-05
214	5	-5.200922928552287e-05
5	238	-5.200922928552287e-05
238	5	-5.200922928552287e-05
24	49	-0.00019756921226035527
49	24	-0.00019756921226035527
24	50	-0.0001975705464778297
50	24	-0.0001975705464778297
24	97	-0.00019756301946708795
97	24	-0.00019756301946708795
24	98	-0.00019756435367667175
98	24	-0.00019756435367667175
24	100	-0.0001975663172211636
100	24	-0.0001975663172211636
24	102	-0.00019756747522734578
102	24	-0.00019756747522734578
24	145	-0.00019756611586293577
145	24	-0.00019756611586293577
24	146	-0.0001975674500766349
146	24	-0.0001975674500766349
24	148	-0.00019756941363518562
148	24	-0.00019756941363518562
24	150	-0.00019757054646919807
150	24	-0.00019757054646919807
24	169	-0.00019756301946708795
169	24	-0.00019756301946708795
24	170	-0.00019756435367667175
170	24	-0.00019756435367667175
24	172	-0.0001975663172211636
172	24	-0.0001975663172211636
24	174	-0.00019756747522734578
174	24	-0.00019756747522734578
24	193	-0.00019756301946708795
193	24	-0.00019756301946708795
24	194	-0.00019756435367667175
194	24	-0.00019756435367667175
24	196	-0.0001975663172211636
196	24	-0.0001975663172211636
24	198	-0.00019756747522734578
198	24	-0.00019756747522734578
24	217	-0.0001975568266718512
217	24	-0.0001975568266718512
24	218	-0.00019755816087371433
218	24	-0.00019755816087371433
24	220	-0.00019756012439083894
220	24	-0.00019756012439083894
24	222	-0.00019756125722130053
222	24	-0.00019756125722130053
25	26	-0.0001975698667964617
26	25	-0.0001975698667964617
25	28	-0.00019756682079435914
28	25	-0.00019756682079435914
25	30	-0.00019756460555156102
30	25	-0.00019756460555156102
25	32	-0.00019754225160742252
32	25	-0.00019754225160742252
25	34	-5.985302366199867e-05
34	25	-5.985302366199867e-05
25	49	-0.00019756609078681859
49	25	-0.00019756609078681859
25	50	-0.00019756850742325615
50	25	-0.00019756850742325615
25	52	-0.0001975720820913816
52	25	-0.0001975720820913816
25	54	-0.00019757082339449323
54	25	-0.00019757082339449323
25	56	-0.00019754844389215166
56	25	-0.00019754844389215166
25	58	-5.985705686952662e-05
58	25	-5.985705686952662e-05
25	72	-0.00019756611586372162
72	25	-0.00019756611586372162
25	73	-0.00019755989828470504
73	25	-0.00019755989828470504
25	74	-0.0001975574565687066
74	25	-0.0001975574565687066
25	76	-0.00019755443590295825
76	25	-0.00019755443590295825
25	78	-0.0001975522207958669
78	25	-0.0001975522207958669
25	80	-0.00019752984244759552
80	25	-0.00019752984244759552
25	82	-5.984495762606633e-05
82	25	-5.984495762606633e-05
25	97	-0.00019755370597668303
97	25	-0.00019755370597668303
25	98	-0.00019755612245374342
98	25	-0.00019755612245374342
25	100	-0.00019755916824948415
100	25	-0.00019755916824948415
25	102	-0.00019756138342658236
102	25	-0.00019756138342658236
25	104	-0.00019755584488952217
104	25	-0.00019755584488952217
25	106	-5.986512366373571e-05
106	25	-5.986512366373571e-05
25	120	-0.00019756301946708795
120	25	-0.00019756301946708795
25	121	-0.00019755368080391018
121	25	-0.00019755368080391018
25	122	-0.00019755126433287484
122	25	-0.00019755126433287484
25	124	-0.00019754824374838915
124	25	-0.00019754824374838915
25	126	-0.00019754602870914636
126	25	-0.00019754602870914636
25	128	-0.00019752365074549285
128	25	-0.00019752365074549285
25	130	-5.984092479765003e-05
130	25	-5.984092479765003e-05
25	145	-0.0001975598731115378
145	25	-0.0001975598731115378
25	146	-0.00019756228966811486
146	25	-0.00019756228966811486
25	148	-0.00019756533557288108
148	25	-0.00019756533557288108
25	150	-0.0001975675256477143
150	25	-0.0001975675256477143
25	152	-0.00019755274849288847
152	25	-0.00019755274849288847
25	154	-5.986109782853972e-05
154	25	-5.986109782853972e-05
25	169	-0.00019755370597668303
169	25	-0.00019755370597668303
25	170	-0.00019755612245374342
170	25	-0.00019755612245374342
25	172	-0.00019755916824948415
172	25	-0.00019755916824948415
25	174	-0.00019756138342658236
174	25	-0.00019756138342658236
25	176	-0.00019755584488952217
176	25	-0.00019755584488952217
25	178	-5.986512366373571e-05
178	25	-5.986512366373571e-05
25	193	-0.00019755370597668303
193	25	-0.00019755370597668303
25	194	-0.00019755612245374342
194	25	-0.00019755612245374342
25	196	-0.00019755916824948415
196	25	-0.00019755916824948415
25	198	-0.00019756138342658236
198	25	-0.00019756138342658236
25	200	-0.00019755584488952217
200	25	-0.00019755584488952217
25	202	-5.986512366373571e-05
202	25	-5.986512366373571e-05
25	217	-0.00019754129677089277
217	25	-0.00019754129677089277
25	218	-0.00019754371308842116
218	25	-0.00019754371308842116
25	220	-0.00019754675866537634
220	25	-0.00019754675866537634
25	222	-0.00019754894853073608
222	25	-0.00019754894853073608
25	224	-0.00019756203768278946
224	25	-0.00019756203768278946
25	226	-5.9873198590524695e-05
226	25	-5.9873198590524695e-05
26	28	-0.00019756923744711945
28	26	-0.00019756923744711945
26	30	-0.00019756702217642923
30	26	-0.00019756702217642923
26	32	-0.00019754466806809495
32	26	-0.00019754466806809495
26	34	-5.985450987141452e-05
34	26	-5.985450987141452e-05
26	49	-0.00019756367417205026
49	26	-0.00019756367417205026
26	50	-0.00019756609077892817
50	26	-0.00019756609077892817
26	52	-0.00019756913675251925
52	26	-0.00019756913675251925
26	56	-0.00019755086043251238
56	26	-0.00019755086043251238
26	58	-5.985854312945628e-05
58	26	-5.985854312945628e-05
26	72	-0.00019756745007725072
72	26	-0.00019756745007725072
26	73	-0.00019756231484145212
73	26	-0.00019756231484145212
26	74	-0.0001975598730957254
74	26	-0.0001975598730957254
26	76	-0.00019755685239633956
76	26	-0.00019755685239633956
26	78	-0.0001975546372613587
78	26	-0.0001975546372613587
26	80	-0.0001975322587487328
80	26	-0.0001975322587487328
26	82	-5.9846443734461856e-05
82	26	-5.9846443734461856e-05
26	97	-0.00019755128950550984
97	26	-0.00019755128950550984
26	98	-0.00019755370595301333
98	26	-0.00019755370595301333
26	100	-0.00019755675170805154
100	26	-0.00019755675170805154
26	102	-0.00019755896685885006
102	26	-0.00019755896685885006
26	104	-0.00019755717908996435
104	26	-0.00019755717908996435
26	106	-5.9866610024700315e-05
106	26	-5.9866610024700315e-05
26	120	-0.00019756435367667175
120	26	-0.00019756435367667175
26	121	-0.00019755609728080057
121	26	-0.00019755609728080057
26	122	-0.00019755368078020835
122	26	-0.00019755368078020835
26	124	-0.00019755066016208665
124	26	-0.00019755066016208665
26	126	-0.0001975484450949557
126	26	-0.0001975484450949557
26	128	-0.00019752606696695323
128	26	-0.00019752606696695323
26	130	-5.984241085553905e-05
130	26	-5.984241085553905e-05
26	145	-0.00019755745656870662
145	26	-0.00019755745656870662
26	146	-0.0001975598730957254
146	26	-0.0001975598730957254
26	148	-0.00019756291895978715
148	26	-0.00019756291895978715
26	150	-0.00019756510900876528
150	26	-0.00019756510900876528
26	152	-0.00019755408268938535
152	26	-0.00019755408268938535
26	154	-5.986258413922645e-05
154	26	-5.986258413922645e-05
26	169	-0.00019755128950550984
169	26	-0.00019755128950550984
26	170	-0.00019755370595301333
170	26	-0.00019755370595301333
26	172	-0.00019755675170805154
172	26	-0.00019755675170805154
26	174	-0.00019755896685885006
174	26	-0.00019755896685885006
26	176	-0.00019755717908996435
176	26	-0.00019755717908996435
26	178	-5.9866610024700315e-05
178	26	-5.9866610024700315e-05
26	193	-0.00019755128950550984
193	26	-0.00019755128950550984
26	194	-0.00019755370595301333
194	26	-0.00019755370595301333
26	196	-0.00019755675170805154
196	26	-0.00019755675170805154
26	198	-0.00019755896685885006
198	26	-0.00019755896685885006
26	200	-0.00019755717908996435
200	26	-0.00019755717908996435
26	202	-5.9866610024700315e-05
202	26	-5.9866610024700315e-05
26	217	-0.00019753888044343932
217	26	-0.00019753888044343932
26	218	-0.0001975412967314136
218	26	-0.0001975412967314136
26	220	-0.00019754434226767017
220	26	-0.00019754434226767017
26	222	-0.0001975465321071784
222	26	-0.0001975465321071784
26	224	-0.0001975633718911223
224	26	-0.0001975633718911223
26	226	-5.9874685052774825e-05
226	26	-5.9874685052774825e-05
28	30	-0.00019757006817402507
30	28	-0.00019757006817402507
28	32	-0.00019754771382683736
32	28	-0.00019754771382683736
28	34	-5.9856186709427166e-05
34	28	-5.9856186709427166e-05
28	49	-0.00019756062825161195
49	28	-0.00019756062825161195
28	50	-0.00019756304482468085
50	28	-0.00019756304482468085
28	52	-0.00019756609075131162
52	28	-0.00019756609075131162
28	54	-0.00019756828084079963
54	28	-0.00019756828084079963
28	56	-0.000197552949773685
56	28	-0.000197552949773685
28	58	-5.9860220033814214e-05
58	28	-5.9860220033814214e-05
28	72	-0.0001975694136355513
72	28	-0.0001975694136355513
28	73	-0.00019756536074646856
73	28	-0.00019756536074646856
28	74	-0.00019756291895978715
74	28	-0.00019756291895978715
28	76	-0.00019755989821369338
76	28	-0.00019755989821369338
28	78	-0.00019755768304039896
78	28	-0.00019755768304039896
28	80	-0.00019753530428868576
80	28	-0.00019753530428868576
28	82	-5.9848120439793914e-05
82	28	-5.9848120439793914e-05
28	97	-0.00019754824374838918
97	28	-0.00019754824374838918
28	98	-0.00019755066016208668
98	28	-0.00019755066016208668
28	100	-0.00019755370587016887
100	28	-0.00019755370587016887
28	102	-0.00019755592099097974
102	28	-0.00019755592099097974
28	104	-0.0001975591426024604
104	28	-0.0001975591426024604
28	106	-5.986828706175885e-05
106	28	-5.986828706175885e-05
28	120	-0.00019756631722116357
120	28	-0.00019756631722116357
28	121	-0.0001975591430762911
121	28	-0.0001975591430762911
28	122	-0.00019755672653499638
122	28	-0.00019755672653499638
28	124	-0.0001975537058701688
124	28	-0.0001975537058701688
28	126	-0.0001975514907647262
126	28	-0.0001975514907647262
28	128	-0.00019752911239764463
128	28	-0.00019752911239764463
28	130	-5.984408749453582e-05
130	28	-5.984408749453582e-05
28	145	-0.00019755441073006686
145	28	-0.00019755441073006686
28	146	-0.00019755682722327812
146	28	-0.00019755682722327812
28	148	-0.00019755987304038175
148	28	-0.00019755987304038175
28	150	-0.00019756206305989688
150	28	-0.00019756206305989688
28	152	-0.0001975560461880727
152	28	-0.0001975560461880727
28	154	-5.986426111022239e-05
154	28	-5.986426111022239e-05
28	169	-0.00019754824374838918
169	28	-0.00019754824374838918
28	170	-0.00019755066016208668
170	28	-0.00019755066016208668
28	172	-0.00019755370587016887
172	28	-0.00019755370587016887
28	174	-0.00019755592099097974
174	28	-0.00019755592099097974
28	176	-0.0001975591426024604
176	28	-0.0001975591426024604
28	178	-5.986828706175885e-05
178	28	-5.986828706175885e-05
28	193	-0.00019754824374838918
193	28	-0.00019754824374838918
28	194	-0.00019755066016208668
194	28	-0.00019755066016208668
28	196	-0.00019755370587016887
196	28	-0.00019755370587016887
28	198	-0.00019755592099097974
198	28	-0.00019755592099097974
28	200	-0.0001975591426024604
200	28	-0.0001975591426024604
28	202	-5.986828706175885e-05
202	28	-5.986828706175885e-05
28	217	-0.00019753583484975973
217	28	-0.00019753583484975973
28	218	-0.00019753825110393106
218	28	-0.00019753825110393106
28	220	-0.00019754129659323592
220	28	-0.00019754129659323592
28	222	-0.0001975434864032851
222	28	-0.0001975434864032851
28	224	-0.00019756533543123576
224	28	-0.00019756533543123576
28	226	-5.987636222283674e-05
226	28	-5.987636222283674e-05
30	32	-0.00019754992899268496
32	30	-0.00019754992899268496
30	34	-5.985759442627717e-05
34	30	-5.985759442627717e-05
30	49	-0.00019755841307666876
49	30	-0.00019755841307666876
30	50	-0.0001975608296218469
50	30	-0.0001975608296218469
30	52	-0.00019756387551016222
52	30	-0.00019756387551016222
30	54	-0.0001975660655752286
54	30	-0.0001975660655752286
30	56	-0.00019755410777305422
56	30	-0.00019755410777305422
30	58	-5.986162779635344e-05
58	30	-5.986162779635344e-05
30	72	-0.00019757057164331165
72	30	-0.00019757057164331165
30	73	-0.00019756757599457815
73	30	-0.00019756757599457815
30	74	-0.0001975651341814483
74	30	-0.0001975651341814483
30	76	-0.00019756211340551304
76	30	-0.00019756211340551304
30	78	-0.0001975598982073812
78	30	-0.0001975598982073812
30	80	-0.00019753751931237036
80	30	-0.00019753751931237036
30	82	-5.984952806527199e-05
82	30	-5.984952806527199e-05
30	97	-0.00019754602870914636
97	30	-0.00019754602870914636
30	98	-0.0001975484450949557
98	30	-0.0001975484450949557
30	100	-0.00019755149076472624
100	30	-0.00019755149076472624
30	102	-0.00019755370586070083
102	30	-0.00019755370586070083
30	104	-0.00019756030060498592
104	30	-0.00019756030060498592
30	106	-5.986969491568303e-05
106	30	-5.986969491568303e-05
30	120	-0.00019756747522734578
120	30	-0.00019756747522734578
30	121	-0.00019756135825324184
121	30	-0.00019756135825324184
30	122	-0.00019755894168564742
122	30	-0.00019755894168564742
30	124	-0.00019755592099097974
124	30	-0.00019755592099097974
30	126	-0.00019755370586070086
126	30	-0.00019755370586070086
30	128	-0.0001975313273503265
128	30	-0.0001975313273503265
30	130	-5.98454950743312e-05
130	30	-5.98454950743312e-05
30	145	-0.00019755219562311014
145	30	-0.00019755219562311014
30	146	-0.00019755461208843195
146	30	-0.00019755461208843195
30	148	-0.00019755765786722202
148	30	-0.00019755765786722202
30	150	-0.00019755984786231666
150	30	-0.00019755984786231666
30	152	-0.00019755720418902005
152	30	-0.00019755720418902005
30	154	-5.986566891867702e-05
154	30	-5.986566891867702e-05
30	169	-0.00019754602870914636
169	30	-0.00019754602870914636
30	170	-0.0001975484450949557
170	30	-0.0001975484450949557
30	172	-0.00019755149076472624
172	30	-0.00019755149076472624
30	174	-0.00019755370586070083
174	30	-0.00019755370586070083
30	176	-0.00019756030060498592
176	30	-0.00019756030060498592
30	178	-5.986969491568303e-05
178	30	-5.986969491568303e-05
30	193	-0.00019754602870914636
193	30	-0.00019754602870914636
30	194	-0.0001975484450949557
194	30	-0.0001975484450949557
30	196	-0.00019755149076472624
196	30	-0.00019755149076472624
30	198	-0.00019755370586070083
198	30	-0.00019755370586070083
30	200	-0.00019756030060498592
200	30	-0.00019756030060498592
30	202	-5.986969491568303e-05
202	30	-5.986969491568303e-05
30	217	-0.00019753361994633933
217	30	-0.00019753361994633933
30	218	-0.00019753603617262517
218	30	-0.00019753603617262517
30	220	-0.00019753908162362205
220	30	-0.00019753908162362205
30	222	-0.0001975412714092542
222	30	-0.0001975412714092542
30	224	-0.00019756649343691759
224	30	-0.00019756649343691759
30	226	-5.98777701683786e-05
226	30	-5.98777701683786e-05
32	34	-5.986512017491591e-05
34	32	-5.986512017491591e-05
32	49	-0.00019753605951677982
49	32	-0.00019753605951677982
32	50	-0.00019753847589776779
50	32	-0.00019753847589776779
32	52	-0.00019754152154723788
52	32	-0.00019754152154723788
32	54	-0.00019754371147213539
54	32	-0.00019754371147213539
32	56	-0.00019756609011527365
56	32	-0.00019756609011527365
32	58	-5.986915409710283e-05
58	32	-5.986915409710283e-05
32	73	-0.00019755274849288853
73	32	-0.00019755274849288853
32	74	-0.00019755410786105796
74	32	-0.00019755410786105796
32	76	-0.0001975560461880727
76	32	-0.0001975560461880727
32	78	-0.00019755720418902008
78	32	-0.00019755720418902008
32	80	-0.00019755987176576018
80	32	-0.00019755987176576018
32	82	-5.9857052709782183e-05
82	32	-5.9857052709782183e-05
32	97	-0.00019752367591771726
97	32	-0.00019752367591771726
32	98	-0.00019752609213934764
98	32	-0.00019752609213934764
32	100	-0.0001975291375702892
100	32	-0.0001975291375702892
32	102	-0.00019753135252311856
102	32	-0.00019753135252311856
32	104	-0.00019755370396217447
104	32	-0.00019755370396217447
32	106	-5.987722232074641e-05
106	32	-5.987722232074641e-05
32	121	-0.0001975558700613872
121	32	-0.0001975558700613872
32	122	-0.00019755720426203148
122	32	-0.00019755720426203148
32	124	-0.0001975591426024604
124	32	-0.0001975591426024604
32	126	-0.00019756030060498592
126	32	-0.00019756030060498592
32	128	-0.00019755367878667197
128	32	-0.00019755367878667197
32	130	-5.985301916682346e-05
130	32	-5.985301916682346e-05
32	145	-0.0001975298424475956
145	32	-0.0001975298424475956
32	146	-0.00019753225874873283
146	32	-0.00019753225874873283
32	148	-0.0001975353042886858
148	32	-0.0001975353042886858
32	150	-0.0001975374941436164
150	32	-0.0001975374941436164
32	152	-0.0001975598717657602
152	32	-0.0001975598717657602
32	154	-5.9873195773347756e-05
154	32	-5.9873195773347756e-05
32	169	-0.00019752367591771726
169	32	-0.00019752367591771726
32	170	-0.00019752609213934764
170	32	-0.00019752609213934764
32	172	-0.0001975291375702892
172	32	-0.0001975291375702892
32	174	-0.00019753135252311856
174	32	-0.00019753135252311856
32	176	-0.00019755370396217447
176	32	-0.00019755370396217447
32	178	-5.987722232074641e-05
178	32	-5.987722232074641e-05
32	193	-0.00019752367591771726
193	32	-0.00019752367591771726
32	194	-0.00019752609213934764
194	32	-0.00019752609213934764
32	196	-0.0001975291375702892
196	32	-0.0001975291375702892
32	198	-0.00019753135252311856
198	32	-0.00019753135252311856
32	200	-0.00019755370396217447
200	32	-0.00019755370396217447
32	202	-5.987722232074641e-05
202	32	-5.987722232074641e-05
32	217	-0.00019751126792345552
217	32	-0.00019751126792345552
32	218	-0.0001975136839855736
218	32	-0.0001975136839855736
32	220	-0.00019751672919775785
220	32	-0.00019751672919775785
32	222	-0.00019751891884324025
222	32	-0.00019751891884324025
32	224	-0.0001975412934108595
224	32	-0.0001975412934108595
32	226	-5.988529867965997e-05
226	32	-5.988529867965997e-05
34	49	-5.984899058084722e-05
49	34	-5.984899058084722e-05
34	50	-5.98504767397517e-05
50	34	-5.98504767397517e-05
34	52	-5.985215351142237e-05
52	34	-5.985215351142237e-05
34	54	-5.985355355863004e-05
54	34	-5.985355355863004e-05
34	56	-5.986108637914435e-05
56	34	-5.986108637914435e-05
34	58	-0.00019755187030286343
58	34	-0.00019755187030286343
34	61	-1.0124132690362321e-08
61	34	-1.0124132690362321e-08
34	64	-1.0112100078379413e-08
64	34	-1.0112100078379413e-08
34	73	-5.986109020343698e-05
73	34	-5.986109020343698e-05
34	74	-5.986258413922645e-05
74	34	-5.986258413922645e-05
34	76	-5.986425348458947e-05
76	34	-5.986425348458947e-05
34	78	-5.986566129282007e-05
78	34	-5.986566129282007e-05
34	80	-5.9873195773347756e-05
80	34	-5.9873195773347756e-05
34	82	-0.0001975314592316764
82	34	-0.0001975314592316764
34	97	-5.9840924797650016e-05
97	34	-5.9840924797650016e-05
34	98	-5.984241085553905e-05
98	34	-5.984241085553905e-05
34	100	-5.984408749453582e-05
100	34	-5.984408749453582e-05
34	102	-5.98454950743312e-05
102	34	-5.98454950743312e-05
34	104	-5.985301916682345e-05
104	34	-5.985301916682345e-05
34	106	-0.00019751105026914455
106	34	-0.00019751105026914455
34	109	-3.053836745945359e-08
109	34	-3.053836745945359e-08
34	112	-3.0502072367570716e-08
112	34	-3.0502072367570716e-08
34	121	-5.9865131289471716e-05
121	34	-5.9865131289471716e-05
34	122	-5.9866617650677144e-05
122	34	-5.9866617650677144e-05
34	124	-5.986828706175885e-05
124	34	-5.986828706175885e-05
34	126	-5.986969491568303e-05
126	34	-5.986969491568303e-05
34	128	-5.987722994901664e-05
128	34	-5.987722994901664e-05
34	130	-0.00019751105026914455
130	34	-0.00019751105026914455
34	145	-5.9844932460898844e-05
145	34	-5.9844932460898844e-05
34	146	-5.98464185691245e-05
146	34	-5.98464185691245e-05
34	148	-5.984809527420652e-05
148	34	-5.984809527420652e-05
34	150	-5.984949527621822e-05
150	34	-5.984949527621822e-05
34	152	-5.985702754133841e-05
152	34	-5.985702754133841e-05
34	154	-0.00019753137625555574
154	34	-0.00019753137625555574
34	157	-2.0331250074907986e-08
157	34	-2.0331250074907986e-08
34	160	-2.0307086222975093e-08
160	34	-2.0307086222975093e-08
34	169	-5.9840924797650016e-05
169	34	-5.9840924797650016e-05
34	170	-5.984241085553905e-05
170	34	-5.984241085553905e-05
34	172	-5.984408749453582e-05
172	34	-5.984408749453582e-05
34	174	-5.98454950743312e-05
174	34	-5.98454950743312e-05
34	176	-5.985301916682345e-05
176	34	-5.985301916682345e-05
34	178	-0.00019751105026914455
178	34	-0.00019751105026914455
34	181	-3.053836745945359e-08
181	34	-3.053836745945359e-08
34	184	-3.0502072367570716e-08
184	34	-3.0502072367570716e-08
34	193	-5.9840924797650016e-05
193	34	-5.9840924797650016e-05
34	194	-5.984241085553905e-05
194	34	-5.984241085553905e-05
34	196	-5.984408749453582e-05
196	34	-5.984408749453582e-05
34	198	-5.98454950743312e-05
198	34	-5.98454950743312e-05
34	200	-5.985301916682345e-05
200	34	-5.985301916682345e-05
34	202	-0.00019751105026914455
202	34	-0.00019751105026914455
34	205	-3.053836745945359e-08
205	34	-3.053836745945359e-08
34	208	-3.0502072367570716e-08
208	34	-3.0502072367570716e-08
34	217	-5.983283435590276e-05
217	34	-5.983283435590276e-05
34	218	-5.983432031261621e-05
218	34	-5.983432031261621e-05
34	220	-5.983599681870239e-05
220	34	-5.983599681870239e-05
34	222	-5.983739668557179e-05
222	34	-5.983739668557179e-05
34	224	-5.984492729283189e-05
224	34	-5.984492729283189e-05
34	226	-0.00019747015570547604
226	34	-0.00019747015570547604
34	229	-5.0952602228544853e-08
229	34	-5.0952602228544853e-08
34	232	-5.089204465676202e-08
232	34	-5.089204465676202e-08
37	64	-0.0001893484625461754
64	37	-0.0001893484625461754
37	82	-2.0331250074907986e-08
82	37	-2.0331250074907986e-08
37	112	-0.00017479684686783764
112	37	-0.00017479684686783764
37	130	-3.053836745945359e-08
130	37	-3.053836745945359e-08
37	160	-0.00018178190605066543
160	37	-0.00018178190605066543
37	184	-0.00017479684686783764
184	37	-0.00017479684686783764
37	208	-0.00017479684686783764
208	37	-0.00017479684686783764
37	232	-0.0001623222242018997
232	37	-0.0001623222242018997
40	64	-0.0001893484625461754
64	40	-0.0001893484625461754
40	82	-2.0309182183271915e-08
82	40	-2.0309182183271915e-08
40	85	-0.0001804102842821759
85	40	-0.0001804102842821759
40	88	-0.0001804102842821759
88	40	-0.0001804102842821759
40	112	-0.00017479684686783764
112	40	-0.00017479684686783764
40	130	-3.050679493815948e-08
130	40	-3.050679493815948e-08
40	133	-0.00017182928468174763
