23	22	1
22	20	1
21	20	1
20	19	1
19	16	1
18	16	1
17	15	1
16	13	1
15	12	1
14	12	1
13	10	1
12	10	1
11	8	1
10	8	1
9	6	1
8	6	1
7	4	1
6	4	1
5	2	1
4	2	1
3	1	1
2	1	1
1	0	1
47	45	1
46	43	1
45	41	1
44	41	1
43	40	1
42	40	1
41	39	1
40	37	1
39	35	1
38	35	1
37	34	1
36	34	1
35	32	1
34	32	1
33	30	1
32	30	1
31	28	1
30	28	1
29	26	1
28	26	1
27	25	1
26	25	1
25	24	1
71	69	1
70	67	1
69	65	1
68	65	1
67	64	1
66	64	1
65	63	1
64	61	1
63	59	1
62	59	1
61	58	1
60	58	1
59	56	1
58	56	1
57	54	1
56	54	1
55	52	1
54	52	1
53	50	1
52	50	1
51	49	1
50	49	1
49	48	1
95	93	1
94	91	1
93	89	1
92	89	1
91	88	1
90	88	1
89	87	1
88	85	1
87	83	1
86	83	1
85	82	1
84	82	1
83	80	1
82	80	1
81	78	1
80	78	1
79	76	1
78	76	1
77	74	1
76	74	1
75	73	1
74	73	1
73	72	1
119	117	1
118	115	1
117	113	1
116	113	1
115	112	1
114	112	1
113	111	1
112	109	1
111	107	1
110	107	1
109	106	1
108	106	1
107	104	1
106	104	1
105	102	1
104	102	1
103	100	1
102	100	1
101	98	1
100	98	1
99	97	1
98	97	1
97	96	1
143	141	1
142	139	1
141	137	1
140	137	1
139	136	1
138	136	1
137	135	1
136	133	1
135	131	1
134	131	1
133	130	1
132	130	1
131	128	1
130	128	1
129	126	1
128	126	1
127	124	1
126	124	1
125	122	1
124	122	1
123	121	1
122	121	1
121	120	1
167	165	1
166	163	1
165	161	1
164	161	1
163	160	1
162	160	1
161	159	1
160	157	1
159	155	1
158	155	1
157	154	1
156	154	1
155	152	1
154	152	1
153	150	1
152	150	1
151	148	1
150	148	1
149	146	1
148	146	1
147	145	1
146	145	1
145	144	1
191	189	1
190	187	1
189	185	1
188	185	1
187	184	1
186	184	1
185	183	1
184	181	1
183	179	1
182	179	1
181	178	1
180	178	1
179	176	1
178	176	1
177	174	1
176	174	1
175	172	1
174	172	1
173	170	1
172	170	1
171	169	1
170	169	1
169	168	1
215	213	1
214	211	1
213	209	1
212	209	1
211	208	1
210	208	1
209	207	1
208	205	1
207	203	1
206	203	1
205	202	1
204	202	1
203	200	1
202	200	1
201	198	1
200	198	1
199	196	1
198	196	1
197	194	1
196	194	1
195	193	1
194	193	1
193	192	1
239	237	1
238	235	1
237	233	1
236	233	1
235	232	1
234	232	1
233	231	1
232	229	1
231	227	1
230	227	1
229	226	1
228	226	1
227	224	1
226	224	1
225	222	1
224	222	1
223	220	1
222	220	1
221	218	1
220	218	1
219	217	1
218	217	1
217	216	1
0	25	-0.00019752951293115786
25	0	-0.00019752951293115786
0	49	-0.00019753880212105884
49	0	-0.00019753880212105884
0	73	-0.00019754499491432618
73	0	-0.00019754499491432618
0	97	-0.00019755118770759347
97	0	-0.00019755118770759347
0	121	-0.00019754499491432618
121	0	-0.00019754499491432618
0	145	-0.0001975357057244252
145	0	-0.0001975357057244252
0	169	-0.00019752332013165183
169	0	-0.00019752332013165183
0	193	-0.0001975357057244252
193	0	-0.0001975357057244252
0	217	-0.00019754811648183693
217	0	-0.00019754811648183693
1	25	-0.0001974576578095931
25	1	-0.0001974576578095931
1	49	-0.00019747622491881144
49	1	-0.00019747622491881144
1	73	-0.00019748860396130645
73	1	-0.00019748860396130645
1	97	-0.0001975009837796327
97	1	-0.0001975009837796327
1	121	-0.00019748860396130645
121	1	-0.00019748860396130645
1	145	-0.0001974700356884779
145	1	-0.0001974700356884779
1	169	-0.00019744525554234364
169	1	-0.00019744525554234364
1	193	-0.0001974700356884779
193	1	-0.0001974700356884779
1	217	-0.00019749481893078627
217	1	-0.00019749481893078627
24	169	-0.00019756611586293577
169	24	-0.00019756611586293577
25	48	-0.00019756301946708795
48	25	-0.00019756301946708795
25	49	-0.00019755370597668303
49	25	-0.00019755370597668303
25	72	-0.00019755682667382064
72	25	-0.00019755682667382064
25	73	-0.00019754132194287657
73	25	-0.00019754132194287657
25	96	-0.0001975506338805533
96	25	-0.0001975506338805533
25	97	-0.00019752893868532628
97	25	-0.00019752893868532628
25	120	-0.00019755682667382064
120	25	-0.00019755682667382064
25	121	-0.00019754132194287657
121	25	-0.00019754132194287657
25	144	-0.0001975661158637216
144	25	-0.0001975661158637216
25	145	-0.0001975598982847051
145	25	-0.0001975598982847051
25	169	-0.00019755987311153775
169	25	-0.00019755987311153775
25	192	-0.0001975661158637216
192	25	-0.0001975661158637216
25	193	-0.0001975598982847051
193	25	-0.0001975598982847051
25	216	-0.00019755373027718697
216	25	-0.00019755373027718697
25	217	-0.0001975351050454846
217	25	-0.0001975351050454846
48	145	-0.00019756921226035527
145	48	-0.00019756921226035527
48	169	-0.0001975568266718512
169	48	-0.0001975568266718512
48	193	-0.00019756921226035527
193	48	-0.00019756921226035527
49	72	-0.00019756611586372162
72	49	-0.00019756611586372162
49	73	-0.00019755989828470504
73	49	-0.00019755989828470504
49	96	-0.00019755992307045428
96	49	-0.00019755992307045428
49	97	-0.00019754751386274317
97	49	-0.00019754751386274317
49	120	-0.00019756611586372162
120	49	-0.00019756611586372162
49	121	-0.00019755989828470504
121	49	-0.00019755989828470504
49	145	-0.00019756609078681859
145	49	-0.00019756609078681859
49	169	-0.00019754129677089277
169	49	-0.00019754129677089277
49	193	-0.00019756609078681859
193	49	-0.00019756609078681859
49	216	-0.00019756301946708795
216	49	-0.00019756301946708795
49	217	-0.00019755368080391018
217	49	-0.00019755368080391018
72	145	-0.00019756301946708798
145	72	-0.00019756301946708798
72	169	-0.00019755063387779482
169	72	-0.00019755063387779482
72	193	-0.00019756301946708798
193	72	-0.00019756301946708798
73	96	-0.00019756611586372162
96	73	-0.00019756611586372162
73	97	-0.0001975598982847051
97	73	-0.0001975598982847051
73	145	-0.000197553705976683
145	73	-0.000197553705976683
73	169	-0.00019752891351413137
169	73	-0.00019752891351413137
73	193	-0.000197553705976683
193	73	-0.000197553705976683
73	216	-0.00019756921226035527
216	73	-0.00019756921226035527
73	217	-0.00019756606561325676
217	73	-0.00019756606561325676
96	121	-0.00019756611586372162
121	96	-0.00019756611586372162
96	145	-0.00019755682667382064
145	96	-0.00019755682667382064
96	169	-0.00019754444108373843
169	96	-0.00019754444108373843
96	193	-0.00019755682667382064
193	96	-0.00019755682667382064
96	217	-0.00019756923743392352
217	96	-0.00019756923743392352
97	121	-0.0001975598982847051
121	97	-0.0001975598982847051
97	145	-0.00019754132194287657
145	97	-0.00019754132194287657
97	169	-0.0001975165310335531
169	97	-0.0001975165310335531
97	193	-0.00019754132194287657
193	97	-0.00019754132194287657
97	217	-0.00019756611595959453
217	97	-0.00019756611595959453
120	145	-0.00019756301946708798
145	120	-0.00019756301946708798
120	169	-0.00019755063387779482
169	120	-0.00019755063387779482
120	193	-0.00019756301946708798
193	120	-0.00019756301946708798
121	145	-0.000197553705976683
145	121	-0.000197553705976683
121	169	-0.00019752891351413137
169	121	-0.00019752891351413137
121	193	-0.000197553705976683
193	121	-0.000197553705976683
121	216	-0.00019756921226035527
216	121	-0.00019756921226035527
121	217	-0.00019756606561325676
217	121	-0.00019756606561325676
144	169	-0.00019755992306887937
169	144	-0.00019755992306887937
145	169	-0.00019754748869036488
169	145	-0.00019754748869036488
145	216	-0.00019755992307045428
216	145	-0.00019755992307045428
145	217	-0.00019754748869036488
217	145	-0.00019754748869036488
169	192	-0.00019755992306887937
192	169	-0.00019755992306887937
169	193	-0.00019754748869036488
193	169	-0.00019754748869036488
169	216	-0.0001975475374807666
216	169	-0.0001975475374807666
169	217	-0.00019752269700602342
217	169	-0.00019752269700602342
193	216	-0.00019755992307045428
216	193	-0.00019755992307045428
193	217	-0.00019754748869036488
217	193	-0.00019754748869036488
0	25	-0.00019752951293115786
25	0	-0.00019752951293115786
0	26	-0.0001975308470980488
26	0	-0.0001975308470980488
0	28	-0.00019753281049311467
28	0	-0.00019753281049311467
0	30	-0.00019753396848221948
30	0	-0.00019753396848221948
0	32	-0.0001975552388663978
32	0	-0.0001975552388663978
0	49	-0.00019753880212105884
49	0	-0.00019753880212105884
0	50	-0.00019754013629978573
50	0	-0.00019754013629978573
0	52	-0.0001975420997362777
52	0	-0.0001975420997362777
0	54	-0.000197543257730117
54	0	-0.000197543257730117
0	56	-0.00019756452906364777
56	0	-0.00019756452906364777
0	73	-0.00019754499491432618
73	0	-0.00019754499491432618
0	74	-0.00019754635427162833
74	0	-0.00019754635427162833
0	76	-0.0001975482925650531
76	0	-0.0001975482925650531
0	78	-0.00019754945056204873
78	0	-0.00019754945056204873
0	80	-0.0001975707477049717
80	0	-0.0001975707477049717
0	97	-0.00019755118770759347
97	0	-0.00019755118770759347
0	98	-0.00019755252190210165
98	0	-0.00019755252190210165
0	100	-0.00019755448539382852
100	0	-0.00019755448539382852
0	102	-0.00019755564339398037
102	0	-0.00019755564339398037
0	121	-0.00019754499491432618
121	0	-0.00019754499491432618
0	122	-0.00019754635427162833
122	0	-0.00019754635427162833
0	124	-0.0001975482925650531
124	0	-0.0001975482925650531
0	126	-0.00019754945056204873
126	0	-0.00019754945056204873
0	128	-0.0001975707477049717
128	0	-0.0001975707477049717
0	145	-0.0001975357057244252
145	0	-0.0001975357057244252
0	146	-0.00019753703989920676
146	0	-0.00019753703989920676
0	148	-0.00019753900332189004
148	0	-0.00019753900332189004
0	150	-0.00019754013614413376
150	0	-0.00019754013614413376
0	152	-0.00019756143233123113
152	0	-0.00019756143233123113
0	169	-0.00019752332013165183
169	0	-0.00019752332013165183
0	170	-0.00019752465429082207
170	0	-0.00019752465429082207
0	172	-0.00019752661765852064
172	0	-0.00019752661765852064
0	174	-0.00019752775047617425
174	0	-0.00019752775047617425
0	176	-0.0001975490453986033
176	0	-0.0001975490453986033
0	193	-0.0001975357057244252
193	0	-0.0001975357057244252
0	194	-0.00019753703989920676
194	0	-0.00019753703989920676
0	196	-0.00019753900332189004
196	0	-0.00019753900332189004
0	198	-0.00019754013614413376
198	0	-0.00019754013614413376
0	200	-0.00019756143233123113
200	0	-0.00019756143233123113
0	217	-0.00019754811648183693
217	0	-0.00019754811648183693
0	218	-0.00019754945067260187
218	0	-0.00019754945067260187
0	220	-0.0001975513889794408
220	0	-0.0001975513889794408
0	222	-0.00019755254697801454
222	0	-0.00019755254697801454
1	2	-0.00019756984198194717
2	1	-0.00019756984198194717
1	25	-0.0001974576578095931
25	1	-0.0001974576578095931
1	26	-0.00019746007287310138
26	1	-0.00019746007287310138
1	28	-0.0001974631167501431
28	1	-0.0001974631167501431
1	30	-0.00019746533066302644
30	1	-0.00019746533066302644
1	32	-0.00019748766840393053
32	1	-0.00019748766840393053
1	34	-5.99351024153067e-05
34	1	-5.99351024153067e-05
1	37	-9.036120527692514e-09
37	1	-9.036120527692514e-09
1	40	-9.032850055793823e-09
40	1	-9.032850055793823e-09
1	49	-0.00019747622491881144
49	1	-0.00019747622491881144
1	50	-0.0001974786402211789
50	1	-0.0001974786402211789
1	52	-0.00019748168442576652
52	1	-0.00019748168442576652
1	54	-0.00019748389855150616
54	1	-0.00019748389855150616
1	56	-0.00019750623934123443
56	1	-0.00019750623934123443
1	58	-5.9925745882643945e-05
58	1	-5.9925745882643945e-05
1	73	-0.00019748860396130645
73	1	-0.00019748860396130645
1	74	-0.00019749104457952743
74	1	-0.00019749104457952743
1	76	-0.0001974940638459107
76	1	-0.0001974940638459107
1	78	-0.00019749627811357123
78	1	-0.00019749627811357123
1	80	-0.00019751864609932954
80	1	-0.00019751864609932954
1	82	-5.991767619999989e-05
82	1	-5.991767619999989e-05
1	97	-0.0001975009837796327
97	1	-0.0001975009837796327
1	98	-0.00019750339940053236
98	1	-0.00019750339940053236
1	100	-0.0001975064440419228
100	1	-0.0001975064440419228
1	102	-0.0001975086584515177
102	1	-0.0001975086584515177
1	104	-0.00019756767732688615
104	1	-0.00019756767732688615
1	106	-5.990960702312852e-05
106	1	-5.990960702312852e-05
1	121	-0.00019748860396130645
121	1	-0.00019748860396130645
1	122	-0.00019749104457952743
122	1	-0.00019749104457952743
1	124	-0.0001974940638459107
124	1	-0.0001974940638459107
1	126	-0.00019749627811357123
126	1	-0.00019749627811357123
1	128	-0.00019751864609932954
128	1	-0.00019751864609932954
1	130	-5.991767619999989e-05
130	1	-5.991767619999989e-05
1	145	-0.0001974700356884779
145	1	-0.0001974700356884779
1	146	-0.00019747245091122182
146	1	-0.00019747245091122182
1	148	-0.00019747549500662213
148	1	-0.00019747549500662213
1	150	-0.00019747768390729808
150	1	-0.00019747768390729808
1	152	-0.00019750004883480713
152	1	-0.00019750004883480713
1	154	-5.99289105332738e-05
154	1	-5.99289105332738e-05
1	157	-2.844238494789e-09
157	1	-2.844238494789e-09
1	160	-2.843209070486626e-09
160	1	-2.843209070486626e-09
1	169	-0.00019744525554234364
169	1	-0.00019744525554234364
1	170	-0.0001974476704464616
170	1	-0.0001974476704464616
1	172	-0.0001974507141049161
172	1	-0.0001974507141049161
1	174	-0.00019745290272638917
174	1	-0.00019745290272638917
1	176	-0.0001974752635816743
176	1	-0.0001974752635816743
1	178	-5.9941294297339605e-05
178	1	-5.9941294297339605e-05
1	181	-1.5228002560596027e-08
181	1	-1.5228002560596027e-08
1	184	-1.522249104110102e-08
184	1	-1.522249104110102e-08
1	193	-0.0001974700356884779
193	1	-0.0001974700356884779
1	194	-0.00019747245091122182
194	1	-0.00019747245091122182
1	196	-0.00019747549500662213
196	1	-0.00019747549500662213
1	198	-0.00019747768390729808
198	1	-0.00019747768390729808
1	200	-0.00019750004883480713
200	1	-0.00019750004883480713
1	202	-5.99289105332738e-05
202	1	-5.99289105332738e-05
1	205	-2.844238494789e-09
205	1	-2.844238494789e-09
1	208	-2.843209070486626e-09
208	1	-2.843209070486626e-09
1	217	-0.00019749481893078627
217	1	-0.00019749481893078627
1	218	-0.00019749723447252474
218	1	-0.00019749723447252474
1	220	-0.0001975002538469287
220	1	-0.0001975002538469287
1	222	-0.00019750246818555473
222	1	-0.00019750246818555473
1	224	-0.00019757074809765042
224	1	-0.00019757074809765042
1	226	-5.991364154834559e-05
226	1	-5.991364154834559e-05
2	25	-0.0001974552174649526
25	2	-0.0001974552174649526
2	26	-0.00019745763249875991
26	2	-0.00019745763249875991
2	28	-0.0001974606763348853
28	2	-0.0001974606763348853
2	30	-0.00019746289022134434
30	2	-0.00019746289022134434
2	32	-0.00019748522757719934
32	2	-0.00019748522757719934
2	34	-5.993626872931268e-05
34	2	-5.993626872931268e-05
2	37	-1.011845555058861e-08
37	2	-1.011845555058861e-08
2	40	-1.0114848730777294e-08
40	2	-1.0114848730777294e-08
2	49	-0.00019747378435777633
49	2	-0.00019747378435777633
2	50	-0.00019747619963043868
50	2	-0.00019747619963043868
2	52	-0.00019747924379410412
52	2	-0.00019747924379410412
2	54	-0.00019748145789341576
54	2	-0.00019748145789341576
2	56	-0.0001975037982980368
56	2	-0.0001975037982980368
2	58	-5.992698089324758e-05
58	2	-5.992698089324758e-05
2	61	-8.306194854960766e-10
61	2	-8.306194854960766e-10
2	64	-8.303234032727595e-10
64	2	-8.303234032727595e-10
2	73	-0.0001974861632559917
73	2	-0.0001974861632559917
2	74	-0.00019748860384405606
74	2	-0.00019748860384405606
2	76	-0.00019749162306996194
76	2	-0.00019749162306996194
2	78	-0.00019749383731119204
78	2	-0.00019749383731119204
2	80	-0.00019751620491135555
80	2	-0.00019751620491135555
2	82	-5.9919170684739075e-05
82	2	-5.9919170684739075e-05
2	97	-0.000197498542930025
97	2	-0.000197498542930025
2	98	-0.00019750095852121396
98	2	-0.00019750095852121396
2	100	-0.0001975040031216744
100	2	-0.0001975040031216744
2	102	-0.00019750621750483637
102	2	-0.00019750621750483637
2	104	-0.00019756903651595292
104	2	-0.00019756903651595292
2	106	-5.991110140552493e-05
106	2	-5.991110140552493e-05
2	121	-0.0001974861632559917
121	2	-0.0001974861632559917
2	122	-0.00019748860384405606
122	2	-0.00019748860384405606
2	124	-0.00019749162306996194
124	2	-0.00019749162306996194
2	126	-0.00019749383731119204
126	2	-0.00019749383731119204
2	128	-0.00019751620491135555
128	2	-0.00019751620491135555
2	130	-5.9919170684739075e-05
130	2	-5.9919170684739075e-05
2	145	-0.00019746759519957764
145	2	-0.00019746759519957764
2	146	-0.00019747001039261786
146	2	-0.00019747001039261786
2	148	-0.0001974730544470979
148	2	-0.0001974730544470979
2	150	-0.00019747524332179578
150	2	-0.00019747524332179578
2	152	-0.0001974976078637683
152	2	-0.0001974976078637683
2	154	-5.993007683860261e-05
154	2	-5.993007683860261e-05
2	157	-3.9265648405269155e-09
157	2	-3.9265648405269155e-09
2	160	-3.925165179107598e-09
160	2	-3.925165179107598e-09
2	169	-0.00019744281534208742
169	2	-0.00019744281534208742
2	170	-0.00019744523021650718
170	2	-0.00019744523021650718
2	172	-0.0001974482738340493
172	2	-0.0001974482738340493
2	174	-0.00019745046242954905
174	2	-0.00019745046242954905
2	176	-0.00019747282289937526
176	2	-0.00019747282289937526
2	178	-5.994246062002273e-05
178	2	-5.994246062002273e-05
2	181	-1.6310346260650308e-08
181	2	-1.6310346260650308e-08
2	184	-1.630453228244699e-08
184	2	-1.630453228244699e-08
2	193	-0.00019746759519957764
193	2	-0.00019746759519957764
2	194	-0.00019747001039261786
194	2	-0.00019747001039261786
2	196	-0.0001974730544470979
196	2	-0.0001974730544470979
2	198	-0.00019747524332179578
198	2	-0.00019747524332179578
2	200	-0.0001974976078637683
200	2	-0.0001974976078637683
2	202	-5.993007683860261e-05
202	2	-5.993007683860261e-05
2	205	-3.9265648405269155e-09
205	2	-3.9265648405269155e-09
2	208	-3.925165179107598e-09
208	2	-3.925165179107598e-09
2	217	-0.00019749237815287795
217	2	-0.00019749237815287795
2	218	-0.00019749479366490714
218	2	-0.00019749479366490714
2	220	-0.00019749781299883176
220	2	-0.00019749781299883176
2	222	-0.00019750002731102614
222	2	-0.00019750002731102614
2	224	-0.0001975721072910205
224	2	-0.0001975721072910205
2	226	-5.991513598191215e-05
226	2	-5.991513598191215e-05
5	46	-3.945166889465216e-05
46	5	-3.945166889465216e-05
5	70	-3.945166889465216e-05
70	5	-3.945166889465216e-05
5	94	-3.945166889465216e-05
94	5	-3.945166889465216e-05
5	118	-3.945166889465216e-05
118	5	-3.945166889465216e-05
5	142	-3.945166889465216e-05
142	5	-3.945166889465216e-05
5	166	-3.945166889465216e-05
166	5	-3.945166889465216e-05
5	190	-3.945166889465216e-05
190	5	-3.945166889465216e-05
5	214	-3.945166889465216e-05
214	5	-3.945166889465216e-05
5	238	-3.945166889465216e-05
238	5	-3.945166889465216e-05
24	169	-0.00019756611586293577
169	24	-0.00019756611586293577
24	170	-0.0001975674500766349
170	24	-0.0001975674500766349
24	172	-0.00019756941363518562
172	24	-0.00019756941363518562
24	174	-0.00019757054646919807
174	24	-0.00019757054646919807
25	26	-0.0001975698667964617
26	25	-0.0001975698667964617
25	28	-0.0001975668207943591
28	25	-0.0001975668207943591
25	30	-0.00019756460555156105
30	25	-0.00019756460555156105
25	32	-0.00019754225160742257
32	25	-0.00019754225160742257
25	34	-5.985302366199866e-05
34	25	-5.985302366199866e-05
25	48	-0.00019756301946708795
48	25	-0.00019756301946708795
25	49	-0.00019755370597668303
49	25	-0.00019755370597668303
25	50	-0.00019755128950550984
50	25	-0.00019755128950550984
25	52	-0.00019754824374838918
52	25	-0.00019754824374838918
25	54	-0.00019754602870914636
54	25	-0.00019754602870914636
25	56	-0.00019752367591771726
56	25	-0.00019752367591771726
25	58	-5.9840924797650016e-05
58	25	-5.9840924797650016e-05
25	72	-0.00019755682667382064
72	25	-0.00019755682667382064
25	73	-0.00019754132194287657
73	25	-0.00019754132194287657
25	74	-0.00019753888044343932
74	25	-0.00019753888044343932
25	76	-0.00019753586002146774
76	25	-0.00019753586002146774
25	78	-0.00019753364511791268
78	25	-0.00019753364511791268
25	80	-0.0001975112679234555
80	25	-0.0001975112679234555
25	82	-5.983285951988752e-05
82	25	-5.983285951988752e-05
25	96	-0.0001975506338805533
96	25	-0.0001975506338805533
25	97	-0.00019752893868532628
97	25	-0.00019752893868532628
25	98	-0.00019752652250130365
98	25	-0.00019752652250130365
25	100	-0.00019752347707077472
100	25	-0.00019752347707077472
25	102	-0.00019752126230289477
102	25	-0.00019752126230289477
25	104	-0.00019749891104822801
104	25	-0.00019749891104822801
25	106	-5.982479474751218e-05
106	25	-5.982479474751218e-05
25	120	-0.00019755682667382064
120	25	-0.00019755682667382064
25	121	-0.00019754132194287657
121	25	-0.00019754132194287657
25	122	-0.00019753888044343932
122	25	-0.00019753888044343932
25	124	-0.00019753586002146774
124	25	-0.00019753586002146774
25	126	-0.00019753364511791268
126	25	-0.00019753364511791268
25	128	-0.0001975112679234555
128	25	-0.0001975112679234555
25	130	-5.983285951988752e-05
130	25	-5.983285951988752e-05
25	144	-0.0001975661158637216
144	25	-0.0001975661158637216
25	145	-0.0001975598982847051
145	25	-0.0001975598982847051
25	146	-0.00019755748174173597
146	25	-0.00019755748174173597
25	148	-0.0001975544359029583
148	25	-0.0001975544359029583
25	150	-0.00019755224596862376
150	25	-0.00019755224596862376
25	152	-0.00019752986762021444
152	25	-0.00019752986762021444
25	154	-5.984495762606631e-05
154	25	-5.984495762606631e-05
25	169	-0.00019755987311153775
169	25	-0.00019755987311153775
25	170	-0.0001975622896681148
170	25	-0.0001975622896681148
25	172	-0.00019756533557288108
172	25	-0.00019756533557288108
25	174	-0.00019756752564771427
174	25	-0.00019756752564771427
25	176	-0.00019755274849288847
176	25	-0.00019755274849288847
25	178	-5.9861097828539704e-05
178	25	-5.9861097828539704e-05
25	192	-0.0001975661158637216
192	25	-0.0001975661158637216
25	193	-0.0001975598982847051
193	25	-0.0001975598982847051
25	194	-0.00019755748174173597
194	25	-0.00019755748174173597
25	196	-0.0001975544359029583
196	25	-0.0001975544359029583
25	198	-0.00019755224596862376
198	25	-0.00019755224596862376
25	200	-0.00019752986762021444
200	25	-0.00019752986762021444
25	202	-5.984495762606631e-05
202	25	-5.984495762606631e-05
25	216	-0.00019755373027718697
216	25	-0.00019755373027718697
25	217	-0.0001975351050454846
217	25	-0.0001975351050454846
25	218	-0.0001975326887898171
218	25	-0.0001975326887898171
25	220	-0.0001975296684490973
220	25	-0.0001975296684490973
25	222	-0.00019752745361338136
222	25	-0.00019752745361338136
25	224	-0.0001975050768035026
224	25	-0.0001975050768035026
25	226	-5.9828827070529424e-05
226	25	-5.9828827070529424e-05
26	28	-0.00019756923744711943
28	26	-0.00019756923744711943
26	30	-0.00019756702217642926
30	26	-0.00019756702217642926
26	32	-0.000197544668068095
32	26	-0.000197544668068095
26	34	-5.985450987141453e-05
34	26	-5.985450987141453e-05
26	48	-0.00019756435367667175
48	26	-0.00019756435367667175
26	49	-0.00019755612245374342
49	26	-0.00019755612245374342
26	50	-0.00019755370595301333
50	26	-0.00019755370595301333
26	52	-0.00019755066016208668
52	26	-0.00019755066016208668
26	54	-0.0001975484450949557
54	26	-0.0001975484450949557
26	56	-0.00019752609213934764
56	26	-0.00019752609213934764
26	58	-5.984241085553905e-05
58	26	-5.984241085553905e-05
26	72	-0.0001975581608755138
72	26	-0.0001975581608755138
26	73	-0.00019754373826057496
73	26	-0.00019754373826057496
26	74	-0.00019754129673141364
74	26	-0.00019754129673141364
26	76	-0.0001975382762758091
76	26	-0.0001975382762758091
26	78	-0.00019753606134436852
78	26	-0.00019753606134436852
26	80	-0.0001975136839855736
80	26	-0.0001975136839855736
26	82	-5.9834345476770845e-05
82	26	-5.9834345476770845e-05
26	96	-0.00019755196807435586
96	26	-0.00019755196807435586
26	97	-0.00019753135484367794
97	26	-0.00019753135484367794
26	98	-0.0001975289386301039
98	26	-0.0001975289386301039
26	100	-0.0001975258931657751
100	26	-0.0001975258931657751
26	102	-0.0001975236783700123
102	26	-0.0001975236783700123
26	104	-0.000197501326951189
104	26	-0.000197501326951189
26	106	-5.982628060339954e-05
106	26	-5.982628060339954e-05
26	120	-0.0001975581608755138
120	26	-0.0001975581608755138
26	121	-0.00019754373826057496
121	26	-0.00019754373826057496
26	122	-0.00019754129673141364
122	26	-0.00019754129673141364
26	124	-0.0001975382762758091
124	26	-0.0001975382762758091
26	126	-0.00019753606134436852
126	26	-0.00019753606134436852
26	128	-0.0001975136839855736
128	26	-0.0001975136839855736
26	130	-5.9834345476770845e-05
130	26	-5.9834345476770845e-05
26	144	-0.00019756745007725072
144	26	-0.00019756745007725072
26	145	-0.00019756231484145217
145	26	-0.00019756231484145217
26	146	-0.00019755989826892478
146	26	-0.00019755989826892478
26	148	-0.0001975568523963396
148	26	-0.0001975568523963396
26	150	-0.00019755466243428555
150	26	-0.00019755466243428555
26	152	-0.00019753228392152167
152	26	-0.00019753228392152167
26	154	-5.984644373446186e-05
154	26	-5.984644373446186e-05
26	169	-0.0001975574565687066
169	26	-0.0001975574565687066
26	170	-0.00019755987309572534
170	26	-0.00019755987309572534
26	172	-0.00019756291895978715
172	26	-0.00019756291895978715
26	174	-0.00019756510900876525
174	26	-0.00019756510900876525
26	176	-0.00019755408268938538
176	26	-0.00019755408268938538
26	178	-5.986258413922645e-05
178	26	-5.986258413922645e-05
26	192	-0.00019756745007725072
192	26	-0.00019756745007725072
26	193	-0.00019756231484145217
193	26	-0.00019756231484145217
26	194	-0.00019755989826892478
194	26	-0.00019755989826892478
26	196	-0.0001975568523963396
196	26	-0.0001975568523963396
26	198	-0.00019755466243428555
198	26	-0.00019755466243428555
26	200	-0.00019753228392152167
200	26	-0.00019753228392152167
26	202	-5.984644373446186e-05
202	26	-5.984644373446186e-05
26	216	-0.00019755506447493483
216	26	-0.00019755506447493483
26	217	-0.00019753752128333777
217	26	-0.00019753752128333777
26	218	-0.00019753510499811753
218	26	-0.00019753510499811753
26	220	-0.0001975320846237662
220	26	-0.0001975320846237662
26	222	-0.00019752986976016612
222	26	-0.00019752986976016612
26	224	-0.00019750749278595528
224	26	-0.00019750749278595528
26	226	-5.983031297691355e-05
226	26	-5.983031297691355e-05
28	30	-0.00019757006817402512
30	28	-0.00019757006817402512
28	32	-0.00019754771382683744
32	28	-0.00019754771382683744
28	34	-5.9856186709427166e-05
34	28	-5.9856186709427166e-05
28	48	-0.0001975663172211636
48	28	-0.0001975663172211636
28	49	-0.00019755916824948415
49	28	-0.00019755916824948415
28	50	-0.00019755675170805154
50	28	-0.00019755675170805154
28	52	-0.00019755370587016887
52	28	-0.00019755370587016887
28	54	-0.00019755149076472624
54	28	-0.00019755149076472624
28	56	-0.0001975291375702892
56	28	-0.0001975291375702892
28	58	-5.984408749453582e-05
58	28	-5.984408749453582e-05
28	72	-0.00019756012439238823
72	28	-0.00019756012439238823
28	73	-0.00019754678383778035
73	28	-0.00019754678383778035
28	74	-0.00019754434226767022
74	28	-0.00019754434226767022
28	76	-0.0001975413217653641
76	28	-0.0001975413217653641
28	78	-0.00019753910679561556
78	28	-0.00019753910679561556
28	80	-0.00019751672919775785
80	28	-0.00019751672919775785
28	82	-5.983602198310701e-05
82	28	-5.983602198310701e-05
28	96	-0.00019755393156361284
96	28	-0.00019755393156361284
28	97	-0.00019753440020236934
97	28	-0.00019753440020236934
28	98	-0.0001975319839481006
98	28	-0.0001975319839481006
28	100	-0.00019752893843682435
100	28	-0.00019752893843682435
28	102	-0.00019752672360275728
102	28	-0.00019752672360275728
28	104	-0.00019750437194513768
104	28	-0.00019750437194513768
28	106	-5.9827956977088456e-05
106	28	-5.9827956977088456e-05
28	120	-0.00019756012439238823
120	28	-0.00019756012439238823
28	121	-0.00019754678383778035
121	28	-0.00019754678383778035
28	122	-0.00019754434226767022
122	28	-0.00019754434226767022
28	124	-0.0001975413217653641
124	28	-0.0001975413217653641
28	126	-0.00019753910679561556
126	28	-0.00019753910679561556
28	128	-0.00019751672919775785
128	28	-0.00019751672919775785
28	130	-5.983602198310701e-05
130	28	-5.983602198310701e-05
28	144	-0.0001975694136355513
144	28	-0.0001975694136355513
28	145	-0.0001975653607464686
145	28	-0.0001975653607464686
28	146	-0.00019756294413323674
146	28	-0.00019756294413323674
28	148	-0.00019755989821369343
148	28	-0.00019755989821369343
28	150	-0.000197557708213576
150	28	-0.000197557708213576
28	152	-0.00019753532946172487
152	28	-0.00019753532946172487
28	154	-5.9848120439793914e-05
154	28	-5.9848120439793914e-05
28	169	-0.00019755441073006678
169	28	-0.00019755441073006678
28	170	-0.00019755682722327804
170	28	-0.00019755682722327804
28	172	-0.00019755987304038172
172	28	-0.00019755987304038172
28	174	-0.0001975620630598968
174	28	-0.0001975620630598968
28	176	-0.0001975560461880727
176	28	-0.0001975560461880727
28	178	-5.986426111022239e-05
178	28	-5.986426111022239e-05
28	192	-0.0001975694136355513
192	28	-0.0001975694136355513
28	193	-0.0001975653607464686
193	28	-0.0001975653607464686
28	194	-0.00019756294413323674
194	28	-0.00019756294413323674
28	196	-0.00019755989821369343
196	28	-0.00019755989821369343
28	198	-0.000197557708213576
198	28	-0.000197557708213576
28	200	-0.00019753532946172487
200	28	-0.00019753532946172487
28	202	-5.9848120439793914e-05
202	28	-5.9848120439793914e-05
28	216	-0.00019755702797800054
216	28	-0.00019755702797800054
28	217	-0.00019754056675103332
217	28	-0.00019754056675103332
28	218	-0.0001975381504251164
218	28	-0.0001975381504251164
28	220	-0.00019753513000406568
220	28	-0.00019753513000406568
28	222	-0.00019753291510215946
222	28	-0.00019753291510215946
28	224	-0.00019751053788889401
224	28	-0.00019751053788889401
28	226	-5.9831989416924425e-05
226	28	-5.9831989416924425e-05
30	32	-0.00019754992899268496
32	30	-0.00019754992899268496
30	34	-5.985759442627717e-05
34	30	-5.985759442627717e-05
30	48	-0.00019756747522734578
48	30	-0.00019756747522734578
30	49	-0.00019756138342658236
49	30	-0.00019756138342658236
30	50	-0.00019755896685885006
50	30	-0.00019755896685885006
30	52	-0.00019755592099097974
52	30	-0.00019755592099097974
30	54	-0.00019755370586070083
54	30	-0.00019755370586070083
30	56	-0.00019753135252311856
56	30	-0.00019753135252311856
30	58	-5.98454950743312e-05
58	30	-5.98454950743312e-05
30	72	-0.00019756128239541412
72	30	-0.00019756128239541412
30	73	-0.000197548998872866
73	30	-0.000197548998872866
30	74	-0.0001975465572763111
74	30	-0.0001975465572763111
30	76	-0.00019754353674416753
76	30	-0.00019754353674416753
30	78	-0.0001975413217495851
78	30	-0.0001975413217495851
30	80	-0.00019751894400844437
80	30	-0.00019751894400844437
30	82	-5.9837429471543516e-05
82	30	-5.9837429471543516e-05
30	96	-0.0001975550895634824
96	30	-0.0001975550895634824
30	97	-0.00019753661509545593
97	30	-0.00019753661509545593
30	98	-0.0001975341988148924
98	30	-0.0001975341988148924
30	100	-0.00019753115327363383
100	30	-0.00019753115327363383
30	102	-0.00019752893841473514
102	30	-0.00019752893841473514
30	104	-0.00019750658661398985
104	30	-0.00019750658661398985
30	106	-5.9829364374174766e-05
106	30	-5.9829364374174766e-05
30	120	-0.00019756128239541412
120	30	-0.00019756128239541412
30	121	-0.000197548998872866
121	30	-0.000197548998872866
30	122	-0.0001975465572763111
122	30	-0.0001975465572763111
30	124	-0.00019754353674416753
124	30	-0.00019754353674416753
30	126	-0.0001975413217495851
126	30	-0.0001975413217495851
30	128	-0.00019751894400844437
128	30	-0.00019751894400844437
30	130	-5.9837429471543516e-05
130	30	-5.9837429471543516e-05
30	144	-0.0001975705716433116
144	30	-0.0001975705716433116
30	145	-0.00019756757599457815
145	30	-0.00019756757599457815
30	146	-0.00019756515935504538
146	30	-0.00019756515935504538
30	148	-0.00019756211340551304
148	30	-0.00019756211340551304
30	150	-0.00019755992338070573
150	30	-0.00019755992338070573
30	152	-0.0001975375444855569
152	30	-0.0001975375444855569
30	154	-5.984952806527199e-05
154	30	-5.984952806527199e-05
30	169	-0.00019755219562311014
169	30	-0.00019755219562311014
30	170	-0.00019755461208843195
170	30	-0.00019755461208843195
30	172	-0.00019755765786722205
172	30	-0.00019755765786722205
30	174	-0.00019755984786231666
174	30	-0.00019755984786231666
30	176	-0.00019755720418902005
176	30	-0.00019755720418902005
30	178	-5.986566891867702e-05
178	30	-5.986566891867702e-05
30	192	-0.0001975705716433116
192	30	-0.0001975705716433116
30	193	-0.00019756757599457815
193	30	-0.00019756757599457815
30	194	-0.00019756515935504538
194	30	-0.00019756515935504538
30	196	-0.00019756211340551304
196	30	-0.00019756211340551304
30	198	-0.00019755992338070573
198	30	-0.00019755992338070573
30	200	-0.0001975375444855569
200	30	-0.0001975375444855569
30	202	-5.984952806527199e-05
202	30	-5.984952806527199e-05
30	216	-0.00019755818597944825
216	30	-0.00019755818597944825
30	217	-0.00019754278171497025
217	30	-0.00019754278171497025
30	218	-0.0001975403653627573
218	30	-0.0001975403653627573
30	220	-0.00019753734491187046
220	30	-0.00019753734491187046
30	222	-0.00019753512998513145
222	30	-0.00019753512998513145
30	224	-0.0001975127526285879
224	30	-0.0001975127526285879
30	226	-5.983339685968475e-05
226	30	-5.983339685968475e-05
32	34	-5.986512017491591e-05
34	32	-5.986512017491591e-05
32	49	-0.00019755584488952217
49	32	-0.00019755584488952217
32	50	-0.00019755717908996435
50	32	-0.00019755717908996435
32	52	-0.0001975591426024604
52	32	-0.0001975591426024604
32	54	-0.00019756030060498592
54	32	-0.00019756030060498592
32	56	-0.00019755370396217447
56	32	-0.00019755370396217447
32	58	-5.985301916682345e-05
58	32	-5.985301916682345e-05
32	73	-0.0001975620376827895
73	32	-0.0001975620376827895
32	74	-0.0001975633970639785
74	32	-0.0001975633970639785
32	76	-0.0001975653354312358
76	32	-0.0001975653354312358
32	78	-0.0001975664934369176
78	32	-0.0001975664934369176
32	80	-0.00019754129341085946
80	32	-0.00019754129341085946
32	82	-5.984495246009262e-05
82	32	-5.984495246009262e-05
32	97	-0.0001975682304760568
97	32	-0.0001975682304760568
32	98	-0.00019756956469228027
98	32	-0.00019756956469228027
32	100	-0.0001975715282600112
100	32	-0.0001975715282600112
32	102	-0.00019755128831513969
102	32	-0.00019755128831513969
32	104	-0.0001975289339853957
104	32	-0.0001975289339853957
32	106	-5.983688625890429e-05
106	32	-5.983688625890429e-05
32	121	-0.0001975620376827895
121	32	-0.0001975620376827895
32	122	-0.0001975633970639785
122	32	-0.0001975633970639785
32	124	-0.0001975653354312358
124	32	-0.0001975653354312358
32	126	-0.0001975664934369176
126	32	-0.0001975664934369176
32	128	-0.00019754129341085946
128	32	-0.00019754129341085946
32	130	-5.984495246009262e-05
130	32	-5.984495246009262e-05
32	145	-0.00019755274849288853
145	32	-0.00019755274849288853
32	146	-0.00019755408268938538
146	32	-0.00019755408268938538
32	148	-0.0001975560461880727
148	32	-0.0001975560461880727
32	150	-0.0001975571790168311
150	32	-0.0001975571790168311
32	152	-0.00019755989694165727
152	32	-0.00019755989694165727
32	154	-5.9857052709782183e-05
154	32	-5.9857052709782183e-05
32	169	-0.0001975298424475956
169	32	-0.0001975298424475956
32	170	-0.00019753225874873283
170	32	-0.00019753225874873283
32	172	-0.0001975353042886858
172	32	-0.0001975353042886858
32	174	-0.0001975374941436164
174	32	-0.0001975374941436164
32	176	-0.0001975598717657602
176	32	-0.0001975598717657602
32	178	-5.9873195773347756e-05
178	32	-5.9873195773347756e-05
32	193	-0.00019755274849288853
193	32	-0.00019755274849288853
32	194	-0.00019755408268938538
194	32	-0.00019755408268938538
32	196	-0.0001975560461880727
196	32	-0.0001975560461880727
32	198	-0.0001975571790168311
198	32	-0.0001975571790168311
32	200	-0.00019755989694165727
200	32	-0.00019755989694165727
32	202	-5.9857052709782183e-05
202	32	-5.9857052709782183e-05
32	217	-0.00019756515925247175
217	32	-0.00019756515925247175
32	218	-0.00019756649346495205
218	32	-0.00019756649346495205
32	220	-0.0001975684318456235
220	32	-0.0001975684318456235
32	222	-0.00019756958985288345
222	32	-0.00019756958985288345
32	224	-0.00019753510101411695
224	32	-0.00019753510101411695
32	226	-5.9840919296308615e-05
226	32	-5.9840919296308615e-05
34	49	-5.986512366373571e-05
49	34	-5.986512366373571e-05
34	50	-5.9866610024700315e-05
50	34	-5.9866610024700315e-05
34	52	-5.986828706175885e-05
52	34	-5.986828706175885e-05
34	54	-5.986969491568303e-05
54	34	-5.986969491568303e-05
34	56	-5.987722232074641e-05
56	34	-5.987722232074641e-05
34	58	-0.00019751105026914455
58	34	-0.00019751105026914455
34	73	-5.987319096352207e-05
73	34	-5.987319096352207e-05
34	74	-5.9874685052774825e-05
74	34	-5.9874685052774825e-05
34	76	-5.9876354595303824e-05
76	34	-5.9876354595303824e-05
34	78	-5.987776254062163e-05
78	34	-5.987776254062163e-05
34	80	-5.988529867965997e-05
80	34	-5.988529867965997e-05
34	82	-0.00019747023866873968
82	34	-0.00019747023866873968
34	97	-5.988125876893318e-05
97	34	-5.988125876893318e-05
34	98	-5.9882745331996906e-05
98	34	-5.9882745331996906e-05
34	100	-5.988442263449666e-05
100	34	-5.988442263449666e-05
34	102	-5.9885830671216796e-05
102	34	-5.9885830671216796e-05
34	104	-5.9893360285279174e-05
104	34	-5.9893360285279174e-05
34	106	-0.0001974294354990356
106	34	-0.0001974294354990356
34	121	-5.987319096352207e-05
121	34	-5.987319096352207e-05
34	122	-5.9874685052774825e-05
122	34	-5.9874685052774825e-05
34	124	-5.9876354595303824e-05
124	34	-5.9876354595303824e-05
34	126	-5.987776254062163e-05
126	34	-5.987776254062163e-05
34	128	-5.988529867965997e-05
128	34	-5.988529867965997e-05
34	130	-0.00019747023866873968
130	34	-0.00019747023866873968
34	145	-5.986109020343698e-05
145	34	-5.986109020343698e-05
34	146	-5.98625765138829e-05
146	34	-5.98625765138829e-05
34	148	-5.9864253484589453e-05
148	34	-5.9864253484589453e-05
34	150	-5.986565366696507e-05
150	34	-5.986565366696507e-05
34	152	-5.987318814571101e-05
152	34	-5.987318814571101e-05
34	154	-0.0001975314592316764
154	34	-0.0001975314592316764
34	169	-5.9844932460898844e-05
169	34	-5.9844932460898844e-05
34	170	-5.98464185691245e-05
170	34	-5.98464185691245e-05
34	172	-5.984809527420652e-05
172	34	-5.984809527420652e-05
34	174	-5.984949527621822e-05
174	34	-5.984949527621822e-05
34	176	-5.985702754133841e-05
176	34	-5.985702754133841e-05
34	178	-0.0001975313762555558
178	34	-0.0001975313762555558
34	181	-2.033125007490793e-08
181	34	-2.033125007490793e-08
34	184	-2.0303943093561277e-08
184	34	-2.0303943093561277e-08
34	193	-5.986109020343698e-05
193	34	-5.986109020343698e-05
34	194	-5.98625765138829e-05
194	34	-5.98625765138829e-05
34	196	-5.9864253484589453e-05
196	34	-5.9864253484589453e-05
34	198	-5.986565366696507e-05
198	34	-5.986565366696507e-05
34	200	-5.987318814571101e-05
200	34	-5.987318814571101e-05
34	202	-0.0001975314592316764
202	34	-0.0001975314592316764
34	217	-5.987723243065755e-05
217	34	-5.987723243065755e-05
34	218	-5.987871894343371e-05
218	34	-5.987871894343371e-05
34	220	-5.988038855169128e-05
220	34	-5.988038855169128e-05
34	222	-5.988179654270916e-05
222	34	-5.988179654270916e-05
34	224	-5.98893332346463e-05
224	34	-5.98893332346463e-05
34	226	-0.00019744983603021328
226	34	-0.00019744983603021328
37	58	-3.053836745945359e-08
58	37	-3.053836745945359e-08
37	82	-5.0952602228544853e-08
82	37	-5.0952602228544853e-08
37	106	-7.136683699763607e-08
106	37	-7.136683699763607e-08
37	130	-5.0952602228544853e-08
130	37	-5.0952602228544853e-08
37	154	-2.033125007490793e-08
154	37	-2.033125007490793e-08
37	184	-0.0001834722597705794
184	37	-0.0001834722597705794
37	202	-2.033125007490793e-08
202	37	-2.033125007490793e-08
37	226	-6.115971961309047e-08
226	37	-6.115971961309047e-08
40	58	-3.0502072367570716e-08
58	40	-3.0502072367570716e-08
40	61	-0.00017479684686783764
61	40	-0.00017479684686783764
40	64	-0.00017479684686783764
64	40	-0.00017479684686783764
40	82	-5.0897297389914056e-08
82	40	-5.0897297389914056e-08
40	85	-0.00015961322245770768
85	40	-0.00015961322245770768
40	88	-0.00015961322245770768
88	40	-0.00015961322245770768
40	106	-7.12967329616187e-08
106	40	-7.12967329616187e-08
40	109	-0.0001444295980475777
109	40	-0.0001444295980475777
40	112	-0.0001444295980475777
112	40	-0.0001444295980475777
40	130	-5.0897297389914056e-08
130	40	-5.0897297389914056e-08
40	133	-0.00015961322245770768
133	40	-0.00015961322245770768
40	136	-0.00015961322245770768
136	40	-0.00015961322245770768
40	154	-2.030603840504966e-08
154	40	-2.030603840504966e-08
40	157	-0.0001823886590729026
157	40	-0.0001823886590729026
40	160	-0.0001823886590729026
160	40	-0.0001823886590729026
40	184	-0.0001834722597705794
184	40	-0.0001834722597705794
40	202	-2.030603840504966e-08
202	40	-2.030603840504966e-08
40	205	-0.0001823886590729026
205	40	-0.0001823886590729026
40	208	-0.0001823886590729026
208	40	-0.0001823886590729026
40	226	-6.109648877560743e-08
226	40	-6.109648877560743e-08
40	229	-0.0001520214102526427
229	40	-0.0001520214102526427
40	232	-0.0001520214102526427
232	40	-0.0001520214102526427
48	145	-0.00019756921226035527
145	48	-0.00019756921226035527
