21	19	1
20	17	1
19	15	1
18	15	1
17	14	1
16	14	1
15	12	1
14	12	1
13	10	1
12	10	1
11	8	1
10	8	1
9	6	1
8	6	1
7	4	1
6	4	1
5	2	1
4	2	1
3	1	1
2	1	1
1	0	1
44	43	1
43	41	1
42	41	1
41	39	1
40	37	1
39	35	1
38	35	1
37	34	1
36	34	1
35	32	1
34	32	1
33	30	1
32	30	1
31	28	1
30	28	1
29	26	1
28	26	1
27	24	1
26	24	1
25	23	1
24	23	1
23	22	1
67	66	1
66	64	1
65	64	1
64	62	1
63	60	1
62	58	1
61	58	1
60	57	1
59	57	1
58	55	1
57	55	1
56	53	1
55	53	1
54	51	1
53	51	1
52	49	1
51	49	1
50	47	1
49	47	1
48	46	1
47	46	1
46	45	1
90	89	1
89	87	1
88	87	1
87	85	1
86	83	1
85	81	1
84	81	1
83	80	1
82	80	1
81	78	1
80	78	1
79	76	1
78	76	1
77	74	1
76	74	1
75	72	1
74	72	1
73	70	1
72	70	1
71	69	1
70	69	1
69	68	1
112	110	1
111	108	1
110	106	1
109	106	1
108	105	1
107	105	1
106	103	1
105	103	1
104	101	1
103	101	1
102	99	1
101	99	1
100	97	1
99	97	1
98	95	1
97	95	1
96	93	1
95	93	1
94	92	1
93	92	1
92	91	1
133	132	1
132	130	1
131	130	1
130	127	1
129	127	1
128	125	1
127	125	1
126	123	1
125	123	1
124	121	1
123	121	1
122	119	1
121	119	1
120	117	1
119	117	1
118	115	1
117	115	1
116	114	1
115	114	1
114	113	1
156	155	1
155	153	1
154	153	1
153	151	1
152	149	1
151	147	1
150	147	1
149	146	1
148	146	1
147	144	1
146	144	1
145	142	1
144	142	1
143	140	1
142	140	1
141	138	1
140	138	1
139	136	1
138	136	1
137	135	1
136	135	1
135	134	1
178	176	1
177	174	1
176	172	1
175	172	1
174	171	1
173	171	1
172	169	1
171	169	1
170	167	1
169	167	1
168	165	1
167	165	1
166	163	1
165	163	1
164	161	1
163	161	1
162	159	1
161	159	1
160	158	1
159	158	1
158	157	1
200	198	1
199	196	1
198	194	1
197	194	1
196	193	1
195	193	1
194	191	1
193	191	1
192	189	1
191	189	1
190	187	1
189	187	1
188	185	1
187	185	1
186	183	1
185	183	1
184	181	1
183	181	1
182	180	1
181	180	1
180	179	1
223	222	1
222	220	1
221	220	1
220	218	1
219	216	1
218	214	1
217	214	1
216	213	1
215	213	1
214	211	1
213	211	1
212	209	1
211	209	1
210	207	1
209	207	1
208	205	1
207	205	1
206	203	1
205	203	1
204	202	1
203	202	1
202	201	1
0	23	-0.0001961028789809286
23	0	-0.0001961028789809286
0	69	-0.00019690466058415852
69	0	-0.00019690466058415852
0	202	-0.00019686438476658192
202	0	-0.00019686438476658192
1	23	-0.00019603865206843229
23	1	-0.00019603865206843229
1	45	-0.00019700662834961128
45	1	-0.00019700662834961128
1	46	-0.0001970066045044408
46	1	-0.0001970066045044408
1	69	-0.00019685449713878546
69	1	-0.00019685449713878546
1	91	-0.00019708743963226723
91	1	-0.00019708743963226723
1	92	-0.00019708741578709676
92	1	-0.00019708741578709676
1	113	-0.00019522534642663528
113	1	-0.00019522534642663528
1	114	-0.000195174183066389
114	1	-0.000195174183066389
1	134	-0.00019631378307700828
134	1	-0.00019631378307700828
1	135	-0.00019631373538666735
135	1	-0.00019631373538666735
1	157	-0.00019696895298029985
157	1	-0.00019696895298029985
1	158	-0.00019696890528995894
158	1	-0.00019696890528995894
1	179	-0.00019752027716628053
179	1	-0.00019752027716628053
1	180	-0.00019752025332111007
180	1	-0.00019752025332111007
1	202	-0.00019681132985170449
202	1	-0.00019681132985170449
3	25	-0.000131714855655355
25	3	-0.000131714855655355
3	48	-0.00015366733159791424
48	3	-0.00015366733159791424
3	71	-0.0001630755355732967
71	3	-0.0001630755355732967
3	94	-0.00016165005012248122
94	3	-0.00016165005012248122
3	116	-1.9979219678059475e-05
116	3	-1.9979219678059475e-05
3	137	-0.0001011955598327728
137	3	-0.0001011955598327728
3	160	-0.00015366733159791424
160	3	-0.00015366733159791424
3	182	-0.00019149313629893925
182	3	-0.00019149313629893925
3	204	-0.00015993946758150254
204	3	-0.00015993946758150254
23	45	-0.00019554122193330984
45	23	-0.00019554122193330984
23	46	-0.00019552388336367335
46	23	-0.00019552388336367335
23	68	-0.00019676785649205573
68	23	-0.00019676785649205573
23	69	-0.00019675330908056011
69	23	-0.00019675330908056011
23	91	-0.00019562145865439822
91	23	-0.00019562145865439822
23	92	-0.00019555738935685962
92	23	-0.00019555738935685962
23	113	-0.0001937726047781769
113	23	-0.0001937726047781769
23	114	-0.00019365877560866853
114	23	-0.00019365877560866853
23	134	-0.00019485330273356227
134	23	-0.00019485330273356227
23	135	-0.00019483887296433346
135	23	-0.00019483887296433346
23	157	-0.0001955038144327729
157	23	-0.0001955038144327729
23	158	-0.0001954397599835678
158	23	-0.0001954397599835678
23	179	-0.00019605121874917447
179	23	-0.00019605121874917447
23	180	-0.0001959870087500172
180	23	-0.0001959870087500172
23	201	-0.00019680812874421606
201	23	-0.00019680812874421606
23	202	-0.00019679645513979736
202	23	-0.00019679645513979736
25	48	-0.0001024448877319428
48	25	-0.0001024448877319428
25	71	-0.00015957761358244936
71	25	-0.00015957761358244936
25	94	-0.00010776670008165412
94	25	-0.00010776670008165412
25	116	-1.3319479785372982e-05
116	25	-1.3319479785372982e-05
25	137	-6.746370655518185e-05
137	25	-6.746370655518185e-05
25	160	-0.0001024448877319428
160	25	-0.0001024448877319428
25	182	-0.00012766209086595946
182	25	-0.00012766209086595946
25	204	-0.00016270658639779153
204	25	-0.00016270658639779153
45	69	-0.0001963407490969411
69	45	-0.0001963407490969411
45	92	-0.00019749129729506614
92	45	-0.00019749129729506614
45	180	-0.00019705852321406437
180	45	-0.00019705852321406437
45	202	-0.00019630058025270434
202	45	-0.00019630058025270434
46	69	-0.00019633781980279912
69	46	-0.00019633781980279912
46	92	-0.0001974912733912326
92	46	-0.0001974912733912326
46	113	-0.00019578547951044084
113	46	-0.00019578547951044084
46	114	-0.00019568678199140163
114	46	-0.00019568678199140163
46	134	-0.00019687730497640414
134	46	-0.00019687730497640414
46	135	-0.00019687725713758074
135	46	-0.00019687725713758074
46	157	-0.0001975345147319754
157	46	-0.0001975345147319754
46	158	-0.00019748679222442118
158	46	-0.00019748679222442118
46	180	-0.00019705849936261268
180	46	-0.00019705849936261268
46	202	-0.00019629474781651126
202	46	-0.00019629474781651126
48	71	-0.00012683652766811966
71	48	-0.00012683652766811966
48	94	-0.00018781562750856183
94	48	-0.00018781562750856183
48	116	-2.5687568157505038e-05
116	48	-2.5687568157505038e-05
48	137	-0.00013010857692785072
137	48	-0.00013010857692785072
48	182	-0.0001585456595851496
182	48	-0.0001585456595851496
48	204	-0.000124397363674502
204	48	-0.000124397363674502
68	202	-0.00019753190478434023
202	68	-0.00019753190478434023
69	91	-0.0001964213078808293
91	69	-0.0001964213078808293
69	92	-0.00019637126751608907
92	69	-0.00019637126751608907
69	113	-0.00019456503287563188
113	69	-0.00019456503287563188
69	114	-0.00019446468372074852
114	69	-0.00019446468372074852
69	134	-0.00019565006865295887
134	69	-0.00019565006865295887
69	135	-0.00019565002111162873
135	69	-0.00019565002111162873
69	157	-0.00019630319144614634
157	69	-0.00019630319144614634
69	158	-0.00019625315739388974
158	69	-0.00019625315739388974
69	179	-0.0001968527929929977
179	69	-0.0001968527929929977
69	180	-0.0001968026427551559
180	69	-0.0001968026427551559
69	202	-0.00019752895842205023
202	69	-0.00019752895842205023
71	94	-0.0001334254381963337
94	71	-0.0001334254381963337
71	116	-1.6490784496176072e-05
116	71	-1.6490784496176072e-05
71	137	-8.352649383022515e-05
137	71	-8.352649383022515e-05
71	160	-0.00012683652766811966
160	71	-0.00012683652766811966
71	182	-0.00015805782678642602
182	71	-0.00015805782678642602
71	204	-0.00019377281649297424
204	71	-0.00019377281649297424
91	180	-0.00019713935578377344
180	91	-0.00019713935578377344
91	202	-0.00019638112375468687
202	91	-0.00019638112375468687
92	113	-0.00019570563312343994
113	92	-0.00019570563312343994
92	114	-0.0001956542178047723
114	92	-0.0001956542178047723
92	134	-0.00019679674750830314
134	92	-0.00019679674750830314
92	135	-0.00019679669970063609
135	92	-0.00019679669970063609
92	157	-0.0001974535292381042
157	92	-0.0001974535292381042
92	158	-0.00019745348143043715
158	92	-0.00019745348143043715
92	180	-0.00019713933193232173
180	92	-0.00019713933193232173
92	202	-0.00019632819902023647
202	92	-0.00019632819902023647
94	116	-2.44190462731838e-05
116	94	-2.44190462731838e-05
94	137	-0.00012368346201783342
137	94	-0.00012368346201783342
94	160	-0.00018781562750856183
160	94	-0.00018781562750856183
94	182	-0.00016678179774541713
182	94	-0.00016678179774541713
94	204	-0.00013085956438486573
204	94	-0.00013085956438486573
113	135	-0.0001964766352325485
135	113	-0.0001964766352325485
113	158	-0.00019582338354622868
158	113	-0.00019582338354622868
113	180	-0.00019527677207142443
180	113	-0.00019527677207142443
113	202	-0.00019452520088265483
202	113	-0.00019452520088265483
114	135	-0.00019637430528319797
135	114	-0.00019637430528319797
114	158	-0.00019577190636124633
158	114	-0.00019577190636124633
114	180	-0.00019522558176285966
180	114	-0.00019522558176285966
114	202	-0.0001944220161456623
202	114	-0.0001944220161456623
116	137	-3.9007047942878015e-05
137	116	-3.9007047942878015e-05
116	160	-2.5687568157505038e-05
160	116	-2.5687568157505038e-05
116	182	-2.0613480620220093e-05
182	116	-2.0613480620220093e-05
116	204	-1.6173654025095765e-05
204	116	-1.6173654025095765e-05
134	158	-0.00019691515442307977
158	134	-0.00019691515442307977
134	180	-0.00019636549543434567
180	134	-0.00019636549543434567
134	202	-0.00019561003082998262
202	134	-0.00019561003082998262
135	158	-0.00019691510658664823
158	135	-0.00019691510658664823
135	180	-0.00019636544773144233
180	135	-0.00019636544773144233
135	202	-0.00019560708913710285
202	135	-0.00019560708913710285
137	160	-0.00013010857692785072
160	137	-0.00013010857692785072
137	182	-0.00010440811728778145
182	137	-0.00010440811728778145
137	204	-8.192021510272082e-05
204	137	-8.192021510272082e-05
157	180	-0.000197020837920426
180	157	-0.000197020837920426
157	202	-0.00019626302972655137
202	157	-0.00019626302972655137
158	180	-0.00019702079021752266
180	158	-0.00019702079021752266
158	202	-0.00019621011304441294
202	158	-0.00019621011304441294
160	182	-0.0001585456595851496
182	160	-0.0001585456595851496
160	204	-0.000124397363674502
204	160	-0.000124397363674502
179	202	-0.0001968125270146416
202	179	-0.0001968125270146416
180	202	-0.00019675948606915982
202	180	-0.00019675948606915982
182	204	-0.00015501825319437937
204	182	-0.00015501825319437937
0	23	-0.0001961028789809286
23	0	-0.0001961028789809286
0	24	-0.00019610490752428026
24	0	-0.00019610490752428026
0	26	-0.00019610674808648727
26	0	-0.00019610674808648727
0	28	-0.0001961124588095818
28	0	-0.0001961124588095818
0	30	-0.00019611359423486093
30	0	-0.00019611359423486093
0	32	-0.00019613348615076578
32	0	-0.00019613348615076578
0	69	-0.00019690466058415852
69	0	-0.00019690466058415852
0	70	-0.00019690693832534473
70	0	-0.00019690693832534473
0	72	-0.00019690878965506427
72	0	-0.00019690878965506427
0	74	-0.00019691452306540505
74	0	-0.00019691452306540505
0	76	-0.00019691571101386617
76	0	-0.00019691571101386617
0	78	-0.00019693573661875414
78	0	-0.00019693573661875414
0	202	-0.00019686438476658192
202	0	-0.00019686438476658192
0	203	-0.00019686663813747968
203	0	-0.00019686663813747968
0	205	-0.00019686848894610482
205	0	-0.00019686848894610482
0	207	-0.00019687422009487523
207	0	-0.00019687422009487523
0	209	-0.0001968753840957605
209	0	-0.0001968753840957605
0	211	-0.00019689542569345015
211	0	-0.00019689542569345015
1	2	-0.00019756868288098062
2	1	-0.00019756868288098062
1	23	-0.00019603865206843229
23	1	-0.00019603865206843229
1	24	-0.00019604168945665088
24	1	-0.00019604168945665088
1	26	-0.00019604453902463906
26	1	-0.00019604453902463906
1	28	-0.00019605024612582878
28	1	-0.00019605024612582878
1	30	-0.00019605236759898627
30	1	-0.00019605236759898627
1	32	-0.0001960732575653943
32	1	-0.0001960732575653943
1	35	-5.6780549089248586e-05
35	1	-5.6780549089248586e-05
1	39	-9.275771305154632e-09
39	1	-9.275771305154632e-09
1	41	-9.272761943904153e-09
41	1	-9.272761943904153e-09
1	45	-0.00019700662834961128
45	1	-0.00019700662834961128
1	46	-0.0001970066045044408
46	1	-0.0001970066045044408
1	47	-0.0001970036000129641
47	1	-0.0001970036000129641
1	49	-0.00019700174008966897
49	1	-0.00019700174008966897
1	51	-0.00019699596955842
51	1	-0.00019699596955842
1	53	-0.0001969947296095566
53	1	-0.0001969947296095566
1	55	-0.00019697455659535568
55	1	-0.00019697455659535568
1	58	-5.6760567385663096e-05
58	1	-5.6760567385663096e-05
1	69	-0.00019685449713878546
69	1	-0.00019685449713878546
1	70	-0.00019685779216950918
70	1	-0.00019685779216950918
1	72	-0.00019686066104420072
72	1	-0.00019686066104420072
1	74	-0.00019686639165280518
74	1	-0.00019686639165280518
1	76	-0.00019686857387409343
76	1	-0.00019686857387409343
1	78	-0.00019688960864213518
78	1	-0.00019688960864213518
1	81	-5.676434284841032e-05
81	1	-5.676434284841032e-05
1	91	-0.00019708743963226723
91	1	-0.00019708743963226723
1	92	-0.00019708741578709676
92	1	-0.00019708741578709676
1	93	-0.00019708350771574612
93	1	-0.00019708350771574612
1	113	-0.00019522534642663528
113	1	-0.00019522534642663528
1	114	-0.000195174183066389
114	1	-0.000195174183066389
1	115	-0.00019515726996015268
115	1	-0.00019515726996015268
1	134	-0.00019631378307700828
134	1	-0.00019631378307700828
1	135	-0.00019631373538666735
135	1	-0.00019631373538666735
1	136	-0.0001963097532432022
136	1	-0.0001963097532432022
1	138	-0.00019630791716507748
138	1	-0.00019630791716507748
1	140	-0.0001963021227886581
140	1	-0.0001963021227886581
1	142	-0.0001963008113042833
142	1	-0.0001963008113042833
1	144	-0.0001962806382900824
144	1	-0.0001962806382900824
1	147	-5.676434284841032e-05
147	1	-5.676434284841032e-05
1	157	-0.00019696895298029985
157	1	-0.00019696895298029985
1	158	-0.00019696890528995894
158	1	-0.00019696890528995894
1	159	-0.00019696490245345308
159	1	-0.00019696490245345308
1	179	-0.00019752027716628053
179	1	-0.00019752027716628053
1	180	-0.00019752025332111007
180	1	-0.00019752025332111007
1	181	-0.00019751662914403134
181	1	-0.00019751662914403134
1	202	-0.00019681132985170449
202	1	-0.00019681132985170449
1	203	-0.0001968146000415126
203	1	-0.0001968146000415126
1	205	-0.00019681746792417785
205	1	-0.00019681746792417785
1	207	-0.00019682319610337846
207	1	-0.00019682319610337846
1	209	-0.00019682535394724814
209	1	-0.00019682535394724814
1	211	-0.00019684640369276856
211	1	-0.00019684640369276856
1	214	-5.676811842324948e-05
214	1	-5.676811842324948e-05
2	23	-0.00019603508613654877
23	2	-0.00019603508613654877
2	24	-0.00019603812347238406
24	2	-0.00019603812347238406
2	26	-0.0001960409729923729
26	2	-0.0001960409729923729
2	28	-0.00019604667996035222
28	2	-0.00019604667996035222
2	30	-0.0001960488014020744
30	2	-0.0001960488014020744
2	32	-0.0001960696908993876
32	2	-0.0001960696908993876
2	35	-5.678201988121145e-05
35	2	-5.678201988121145e-05
2	39	-1.030119444642286e-08
39	2	-1.030119444642286e-08
2	41	-1.0297905804613837e-08
41	2	-1.0297905804613837e-08
2	45	-0.0001970091992106765
45	2	-0.0001970091992106765
2	46	-0.00019700917536531894
46	2	-0.00019700917536531894
2	47	-0.00019700617085027208
47	2	-0.00019700617085027208
2	49	-0.00019700431091238592
49	2	-0.00019700431091238592
2	51	-0.00019699854033586734
51	2	-0.00019699854033586734
2	53	-0.00019699730037727654
53	2	-0.00019699730037727654
2	55	-0.00019697712720481898
55	2	-0.00019697712720481898
2	58	-5.6762332528937406e-05
58	2	-5.6762332528937406e-05
2	69	-0.00019685091241341347
69	2	-0.00019685091241341347
2	70	-0.00019685420738570087
70	2	-0.00019685420738570087
2	72	-0.0001968570762119206
72	2	-0.0001968570762119206
2	74	-0.0001968628066865302
74	2	-0.0001968628066865302
2	76	-0.0001968649888749694
76	2	-0.0001968649888749694
2	78	-0.00019688602316976684
78	2	-0.00019688602316976684
2	81	-5.676610806709877e-05
81	2	-5.676610806709877e-05
2	91	-0.00019709001112729437
91	2	-0.00019709001112729437
2	92	-0.00019708998728193685
92	2	-0.00019708998728193685
2	93	-0.00019708710199367753
93	2	-0.00019708710199367753
2	113	-0.0001952279033136008
113	2	-0.0001952279033136008
2	114	-0.00019517775154031687
114	2	-0.00019517775154031687
2	115	-0.00019516083819516613
115	2	-0.00019516083819516613
2	134	-0.0001963163485027245
134	2	-0.0001963163485027245
2	135	-0.00019631630081200945
135	2	-0.00019631630081200945
2	136	-0.00019631231863730448
136	2	-0.00019631231863730448
2	138	-0.0001963104825447758
138	2	-0.0001963104825447758
2	140	-0.0001963046881228997
140	2	-0.0001963046881228997
2	142	-0.00019630337662823638
142	2	-0.00019630337662823638
2	144	-0.00019628320345577879
144	2	-0.00019628320345577879
2	147	-5.676610806709877e-05
147	2	-5.676610806709877e-05
2	157	-0.00019697152354580298
157	2	-0.00019697152354580298
2	158	-0.00019697147585508794
158	2	-0.00019697147585508794
2	159	-0.00019696849518539857
159	2	-0.00019696849518539857
2	179	-0.00019752285205690425
179	2	-0.00019752285205690425
2	180	-0.00019752282821154673
180	2	-0.00019752282821154673
2	181	-0.00019752022906757762
181	2	-0.00019752022906757762
2	202	-0.00019680774608241017
202	2	-0.00019680774608241017
2	203	-0.00019681101621436437
203	2	-0.00019681101621436437
2	205	-0.00019681388404858184
205	2	-0.00019681388404858184
2	207	-0.00019681961209385538
207	2	-0.00019681961209385538
2	209	-0.00019682176990544557
209	2	-0.00019682176990544557
2	211	-0.00019684281917740733
211	2	-0.00019684281917740733
2	214	-5.676988371735579e-05
214	2	-5.676988371735579e-05
5	44	-3.945166889465216e-05
44	5	-3.945166889465216e-05
5	67	-3.945166889465216e-05
67	5	-3.945166889465216e-05
5	90	-3.945166889465216e-05
90	5	-3.945166889465216e-05
5	156	-3.945166889465216e-05
156	5	-3.945166889465216e-05
5	223	-3.945166889465216e-05
223	5	-3.945166889465216e-05
23	24	-0.00019756922934208057
24	23	-0.00019756922934208057
23	26	-0.00019756636463571714
26	23	-0.00019756636463571714
23	28	-0.00019756061151612655
28	23	-0.00019756061151612655
23	30	-0.00019755848080056084
30	23	-0.00019755848080056084
23	32	-0.00019753743366500846
32	23	-0.00019753743366500846
23	35	-5.629633907951616e-05
35	23	-5.629633907951616e-05
23	45	-0.00019554122193330984
45	23	-0.00019554122193330984
23	46	-0.00019552388336367335
46	23	-0.00019552388336367335
23	47	-0.0001955198931105919
47	23	-0.0001955198931105919
23	49	-0.00019551703921668573
49	23	-0.00019551703921668573
23	51	-0.00019551131027981326
51	23	-0.00019551131027981326
23	53	-0.00019550909537323442
53	23	-0.00019550909537323442
23	55	-0.00019548806066027778
55	23	-0.00019548806066027778
23	58	-5.627388934880197e-05
58	23	-5.627388934880197e-05
23	68	-0.00019676785649205573
68	23	-0.00019676785649205573
23	69	-0.00019675330908056011
69	23	-0.00019675330908056011
23	70	-0.00019675002264708574
70	23	-0.00019675002264708574
23	72	-0.00019674716237302905
72	23	-0.00019674716237302905
23	74	-0.00019674143335172243
74	23	-0.00019674143335172243
23	76	-0.00019673925956891712
76	23	-0.00019673925956891712
23	78	-0.00019671824188114732
78	23	-0.00019671824188114732
23	81	-5.627762957097925e-05
81	23	-5.627762957097925e-05
23	91	-0.00019562145865439822
91	23	-0.00019562145865439822
23	92	-0.00019555738935685962
92	23	-0.00019555738935685962
23	93	-0.00019555351822312585
93	23	-0.00019555351822312585
23	113	-0.0001937726047781769
113	23	-0.0001937726047781769
23	114	-0.00019365877560866853
114	23	-0.00019365877560866853
23	115	-0.00019364199602177063
115	23	-0.00019364199602177063
23	134	-0.00019485330273356227
134	23	-0.00019485330273356227
23	135	-0.00019483887296433346
135	23	-0.00019483887296433346
23	136	-0.00019483391555757826
136	23	-0.00019483391555757826
23	138	-0.00019483108882966657
138	23	-0.00019483108882966657
23	140	-0.0001948253361347182
140	23	-0.0001948253361347182
23	142	-0.0001948230536271117
142	23	-0.0001948230536271117
23	144	-0.00019480202213885325
144	23	-0.00019480202213885325
23	147	-5.627762957097925e-05
147	23	-5.627762957097925e-05
23	157	-0.0001955038144327729
157	23	-0.0001955038144327729
23	158	-0.0001954397599835678
158	23	-0.0001954397599835678
23	159	-0.00019543579478471397
159	23	-0.00019543579478471397
23	179	-0.00019605121874917447
179	23	-0.00019605121874917447
23	180	-0.0001959870087500172
180	23	-0.0001959870087500172
23	181	-0.00019598341941639335
181	23	-0.00019598341941639335
23	201	-0.00019680812874421606
201	23	-0.00019680812874421606
23	202	-0.00019679645513979736
202	23	-0.00019679645513979736
23	203	-0.00019679319210968952
203	23	-0.00019679319210968952
23	205	-0.0001967903315710484
205	23	-0.0001967903315710484
23	207	-0.0001967846024653051
207	23	-0.0001967846024653051
23	209	-0.00019678245210708043
209	23	-0.00019678245210708043
23	211	-0.00019676141021325176
211	23	-0.00019676141021325176
23	214	-5.6281369903376564e-05
214	23	-5.6281369903376564e-05
24	26	-0.00019756941873140914
26	24	-0.00019756941873140914
24	28	-0.00019756366555252912
28	24	-0.00019756366555252912
24	30	-0.00019756153479963436
30	24	-0.00019756153479963436
24	32	-0.00019754048743144396
32	24	-0.00019754048743144396
24	35	-5.629793686835465e-05
35	24	-5.629793686835465e-05
24	45	-0.0001955432475825351
45	24	-0.0001955432475825351
24	46	-0.00019552691617301407
46	24	-0.00019552691617301407
24	47	-0.00019552292586318785
47	24	-0.00019552292586318785
24	49	-0.00019552007192424732
49	24	-0.00019552007192424732
24	51	-0.00019551434292833987
51	24	-0.00019551434292833987
24	53	-0.00019551212798367534
53	24	-0.00019551212798367534
24	55	-0.00019549109303833949
55	24	-0.00019549109303833949
24	58	-5.6275486764921426e-05
58	24	-5.6275486764921426e-05
24	68	-0.0001967698884619271
68	24	-0.0001967698884619271
24	69	-0.0001967563546037869
69	24	-0.0001967563546037869
24	70	-0.00019675306812075421
70	24	-0.00019675306812075421
24	72	-0.00019675020780153123
72	24	-0.00019675020780153123
24	74	-0.00019674447872118785
74	24	-0.00019674447872118785
24	76	-0.00019674230490065607
76	24	-0.00019674230490065607
24	78	-0.0001967212869806135
78	24	-0.0001967212869806135
24	81	-5.627922704916764e-05
81	24	-5.627922704916764e-05
24	91	-0.00019562348471707013
91	24	-0.00019562348471707013
24	92	-0.00019556042178694132
92	24	-0.00019556042178694132
24	93	-0.00019555655059770547
93	24	-0.00019555655059770547
24	113	-0.00019377462131400891
113	24	-0.00019377462131400891
24	114	-0.00019366178769520014
114	24	-0.00019366178769520014
24	115	-0.00019364500791996725
115	24	-0.00019364500791996725
24	134	-0.00019485532483805307
134	24	-0.00019485532483805307
24	135	-0.00019484189875936615
135	24	-0.00019484189875936615
24	136	-0.00019483694128593504
136	24	-0.00019483694128593504
24	138	-0.00019483411451330448
138	24	-0.00019483411451330448
24	140	-0.00019482836175907539
140	24	-0.00019482836175907539
24	142	-0.00019482607921272142
142	24	-0.00019482607921272142
24	144	-0.00019480504749214971
144	24	-0.00019480504749214971
24	147	-5.627922704916764e-05
147	24	-5.627922704916764e-05
24	157	-0.00019550583988924347
157	24	-0.00019550583988924347
24	158	-0.00019544279120179054
158	24	-0.00019544279120179054
24	159	-0.00019543882594647181
159	24	-0.00019543882594647181
24	179	-0.00019605324702632942
179	24	-0.00019605324702632942
24	180	-0.00019599004560618829
180	24	-0.00019599004560618829
24	181	-0.00019598645621994273
181	24	-0.00019598645621994273
24	201	-0.00019681016092160374
201	24	-0.00019681016092160374
24	202	-0.00019679950115253638
202	24	-0.00019679950115253638
24	203	-0.0001967962380731081
203	24	-0.0001967962380731081
24	205	-0.00019679337748929474
205	24	-0.00019679337748929474
24	207	-0.00019678764832451302
207	24	-0.00019678764832451302
24	209	-0.0001967854979288002
209	24	-0.0001967854979288002
24	211	-0.0001967644558024434
211	24	-0.0001967644558024434
24	214	-5.628296744363687e-05
214	24	-5.628296744363687e-05
26	28	-0.0001975665302503773
28	26	-0.0001975665302503773
26	30	-0.00019756439946314839
30	26	-0.00019756439946314839
26	32	-0.00019754335188346828
32	26	-0.00019754335188346828
26	35	-5.629948073196801e-05
35	26	-5.629948073196801e-05
26	45	-0.00019554508578903588
45	26	-0.00019554508578903588
26	46	-0.00019552976161061814
46	26	-0.00019552976161061814
26	47	-0.00019552577124883652
47	26	-0.00019552577124883652
26	49	-0.0001955229172685619
49	26	-0.0001955229172685619
26	51	-0.00019551718821910998
51	26	-0.00019551718821910998
26	53	-0.00019551497323942518
53	26	-0.00019551497323942518
26	55	-0.00019549393808283443
55	26	-0.00019549393808283443
26	58	-5.627703028209674e-05
58	26	-5.627703028209674e-05
26	68	-0.0001967717318131879
68	26	-0.0001967717318131879
26	69	-0.00019675921157421303
69	26	-0.00019675921157421303
26	70	-0.00019675592504574303
70	26	-0.00019675592504574303
26	72	-0.00019675306468506625
72	26	-0.00019675306468506625
26	74	-0.00019674733555117687
74	26	-0.00019674733555117687
26	76	-0.00019674516169595053
76	26	-0.00019674516169595053
26	78	-0.00019672414356474967
78	26	-0.00019672414356474967
26	81	-5.628077062403448e-05
81	26	-5.628077062403448e-05
26	91	-0.00019562532326010035
91	26	-0.00019562532326010035
26	92	-0.00019556326685792627
92	26	-0.00019556326685792627
26	93	-0.0001955593956178624
93	26	-0.0001955593956178624
26	113	-0.0001937764521025621
113	26	-0.0001937764521025621
26	114	-0.00019366461429006586
114	26	-0.00019366461429006586
26	115	-0.00019364783434352645
115	26	-0.00019364783434352645
26	134	-0.0001948571601592779
134	26	-0.0001948571601592779
26	135	-0.0001948447378364274
135	26	-0.0001948447378364274
26	136	-0.00019483978030203342
136	26	-0.00019483978030203342
26	138	-0.00019483695348835486
138	26	-0.00019483695348835486
26	140	-0.00019483120068035853
140	26	-0.00019483120068035853
26	142	-0.00019482891809838388
142	26	-0.00019482891809838388
26	144	-0.00019480788616661719
144	26	-0.00019480788616661719
26	147	-5.628077062403448e-05
147	26	-5.628077062403448e-05
26	157	-0.0001955076779388494
157	26	-0.0001955076779388494
26	158	-0.000195445635173626
158	26	-0.000195445635173626
26	159	-0.00019544166986660592
159	26	-0.00019544166986660592
26	179	-0.00019605508737186272
179	26	-0.00019605508737186272
26	180	-0.00019599289469161222
180	26	-0.00019599289469161222
26	181	-0.00019598930525715114
181	26	-0.00019598930525715114
26	201	-0.0001968120044417747
201	26	-0.0001968120044417747
26	202	-0.00019680235856834395
202	26	-0.00019680235856834395
26	203	-0.00019679909544369415
203	26	-0.00019679909544369415
26	205	-0.0001967962348184216
205	26	-0.0001967962348184216
26	207	-0.00019679050560009227
207	26	-0.00019679050560009227
26	209	-0.00019678835516990113
209	26	-0.00019678835516990113
26	211	-0.00019676731283215434
211	26	-0.00019676731283215434
26	214	-5.6284511076197955e-05
214	26	-5.6284511076197955e-05
28	30	-0.00019757015260479755
30	28	-0.00019757015260479755
28	32	-0.00019754910438256232
32	28	-0.00019754910438256232
28	35	-5.630111975688695e-05
35	28	-5.630111975688695e-05
28	45	-0.00019555078015625336
45	28	-0.00019555078015625336
28	46	-0.00019553545508605206
46	28	-0.00019553545508605206
28	47	-0.00019553146457874278
47	28	-0.00019553146457874278
28	49	-0.00019552861048603105
49	28	-0.00019552861048603105
28	51	-0.00019552288126976127
51	28	-0.00019552288126976127
28	53	-0.0001955206661969298
53	28	-0.0001955206661969298
28	55	-0.00019549963039851268
55	28	-0.00019549963039851268
28	58	-5.627866850838263e-05
58	28	-5.627866850838263e-05
28	68	-0.00019677746190092927
68	28	-0.00019677746190092927
28	69	-0.00019676494093346563
69	28	-0.00019676494093346563
28	70	-0.00019676165427977548
70	28	-0.00019676165427977548
28	72	-0.00019675879380628912
72	28	-0.00019675879380628912
28	74	-0.00019675306450557694
74	28	-0.00019675306450557694
28	76	-0.00019675089055821933
76	28	-0.00019675089055821933
28	78	-0.00019672987178549338
78	28	-0.00019672987178549338
28	81	-5.6282408983342595e-05
81	28	-5.6282408983342595e-05
28	91	-0.0001956310199638717
91	28	-0.0001956310199638717
28	92	-0.00019556895994868263
92	28	-0.00019556895994868263
28	93	-0.0001955650885665956
93	28	-0.0001955650885665956
28	113	-0.00019378209496631358
113	28	-0.00019378209496631358
28	114	-0.00019367025064274883
114	28	-0.00019367025064274883
28	115	-0.0001936534701788265
115	28	-0.0001936534701788265
28	134	-0.00019486283449376924
134	28	-0.00019486283449376924
28	135	-0.000194850411448822
135	28	-0.000194850411448822
28	136	-0.00019484545374083795
136	28	-0.00019484545374083795
28	138	-0.00019484262681561417
138	28	-0.00019484262681561417
28	140	-0.00019483687384010565
140	28	-0.00019483687384010565
28	142	-0.00019483459116311467
142	28	-0.00019483459116311467
28	144	-0.00019481355858970854
144	28	-0.00019481355858970854
28	147	-5.6282408983342595e-05
147	28	-5.6282408983342595e-05
28	157	-0.00019551337121673226
157	28	-0.00019551337121673226
28	158	-0.0001954513248399772
158	28	-0.0001954513248399772
28	159	-0.00019544735938821327
159	28	-0.00019544735938821327
28	179	-0.00019606079659057233
179	28	-0.00019606079659057233
28	180	-0.00019599860028937096
180	28	-0.00019599860028937096
28	181	-0.000195995010721026
181	28	-0.000195995010721026
28	201	-0.00019681773570227447
201	28	-0.00019681773570227447
28	202	-0.00019680808926844315
202	28	-0.00019680808926844315
28	203	-0.00019680482601924594
203	28	-0.00019680482601924594
28	205	-0.0001968019652811476
205	28	-0.0001968019652811476
28	207	-0.00019679623589599052
207	28	-0.00019679623589599052
28	209	-0.0001967940853743421
209	28	-0.0001967940853743421
28	211	-0.000196773042394349
211	28	-0.000196773042394349
28	214	-5.6286149568535437e-05
214	28	-5.6286149568535437e-05
30	32	-0.00019755123512874405
32	30	-0.00019755123512874405
30	35	-5.63024376779775e-05
35	30	-5.63024376779775e-05
30	45	-0.00019555191517767163
45	30	-0.00019555191517767163
30	46	-0.00019553757410514767
46	30	-0.00019553757410514767
30	47	-0.00019553358356396753
47	30	-0.00019553358356396753
30	49	-0.00019553072944392163
49	30	-0.00019553072944392163
30	51	-0.000195525000194699
51	30	-0.000195525000194699
30	53	-0.00019552278509846313
53	30	-0.00019552278509846313
30	55	-0.0001955017491681376
55	30	-0.0001955017491681376
30	58	-5.627998618370119e-05
58	30	-5.627998618370119e-05
30	68	-0.00019677859780436208
68	30	-0.00019677859780436208
30	69	-0.00019676706705562644
69	30	-0.00019676706705562644
30	70	-0.00019676378037207677
70	30	-0.00019676378037207677
30	72	-0.00019676091987118254
72	30	-0.00019676091987118254
30	74	-0.00019675519053751655
74	30	-0.00019675519053751655
30	76	-0.000196753016566955
76	30	-0.000196753016566955
30	78	-0.00019673199766237997
78	30	-0.00019673199766237997
30	81	-5.6283726699585784e-05
81	30	-5.6283726699585784e-05
30	91	-0.00019563215504298436
91	30	-0.00019563215504298436
30	92	-0.0001955710786542506
92	30	-0.0001955710786542506
30	93	-0.00019556720723898745
93	30	-0.00019556720723898745
30	113	-0.00019378322871600336
113	30	-0.00019378322871600336
30	114	-0.00019367235788190977
114	30	-0.00019367235788190977
30	115	-0.00019365557731066622
115	30	-0.00019365557731066622
30	134	-0.00019486396902053748
134	30	-0.00019486396902053748
30	135	-0.00019485252655887378
135	30	-0.00019485252655887378
30	136	-0.00019484756881147535
136	30	-0.00019484756881147535
30	138	-0.00019484474185909345
138	30	-0.00019484474185909345
30	140	-0.00019483898885049497
140	30	-0.00019483898885049497
30	142	-0.0001948367061497301
142	30	-0.0001948367061497301
30	144	-0.0001948156734444523
144	30	-0.0001948156734444523
30	147	-5.6283726699585784e-05
147	30	-5.6283726699585784e-05
30	157	-0.00019551450621125256
157	30	-0.00019551450621125256
30	158	-0.0001954534428690959
158	30	-0.0001954534428690959
30	159	-0.00019544947738361836
159	30	-0.00019544947738361836
30	179	-0.00019606193197870502
179	30	-0.00019606193197870502
30	180	-0.00019600072146554407
180	30	-0.00019600072146554407
30	181	-0.00019599713186563077
181	30	-0.00019599713186563077
30	201	-0.00019681887163466513
201	30	-0.00019681887163466513
30	202	-0.00019681021567012857
202	30	-0.00019681021567012857
30	203	-0.00019680695239120458
203	30	-0.00019680695239120458
30	205	-0.000196804091625695
205	30	-0.000196804091625695
30	207	-0.00019679836220758314
207	30	-0.00019679836220758314
30	209	-0.00019679621166286375
209	30	-0.00019679621166286375
30	211	-0.00019677516855087895
211	30	-0.00019677516855087895
30	214	-5.6287467325705075e-05
214	30	-5.6287467325705075e-05
32	35	-5.630916274909721e-05
35	32	-5.630916274909721e-05
32	45	-0.00019557175303829002
45	32	-0.00019557175303829002
32	46	-0.00019555841687095944
46	32	-0.00019555841687095944
32	47	-0.0001955544258177935
47	32	-0.0001955544258177935
32	49	-0.00019555157130098235
49	32	-0.00019555157130098235
32	51	-0.00019554584147090377
51	32	-0.00019554584147090377
32	53	-0.00019554362604519394
53	32	-0.00019554362604519394
32	55	-0.00019552258787478255
55	32	-0.00019552258787478255
32	58	-5.6286708383785844e-05
58	32	-5.6286708383785844e-05
32	68	-0.0001967985537193746
68	32	-0.0001967985537193746
32	69	-0.00019678803478308214
69	32	-0.00019678803478308214
32	70	-0.00019678474765825674
70	32	-0.00019678474765825674
32	72	-0.00019678188675930014
72	32	-0.00019678188675930014
32	74	-0.00019677615684476107
74	32	-0.00019677615684476107
32	76	-0.00019677398254826093
76	32	-0.00019677398254826093
32	78	-0.00019675296140464883
78	32	-0.00019675296140464883
32	81	-5.629044937786484e-05
81	32	-5.629044937786484e-05
32	91	-0.00019565200062578655
91	32	-0.00019565200062578655
32	92	-0.000195591919836669
92	32	-0.000195591919836669
32	93	-0.0001955880479216252
93	32	-0.0001955880479216252
32	113	-0.00019380289636045987
113	32	-0.00019380289636045987
32	114	-0.00019369300123826073
114	32	-0.00019369300123826073
32	115	-0.00019367621886024584
115	32	-0.00019367621886024584
32	134	-0.00019488374067408248
134	32	-0.00019488374067408248
32	135	-0.00019487330017711356
135	32	-0.00019487330017711356
32	136	-0.0001948683418200166
136	32	-0.0001948683418200166
32	138	-0.00019486551447397485
138	32	-0.00019486551447397485
32	140	-0.00019485976088210298
140	32	-0.00019485976088210298
32	142	-0.00019485747784535375
142	32	-0.00019485747784535375
32	144	-0.00019483644290064087
144	32	-0.00019483644290064087
32	147	-5.629044937786484e-05
147	32	-5.629044937786484e-05
32	157	-0.00019553434047167906
157	32	-0.00019553434047167906
32	158	-0.00019547427212781858
158	32	-0.00019547427212781858
32	159	-0.00019547030613308681
159	32	-0.00019547030613308681
32	179	-0.00019608181892269926
179	32	-0.00019608181892269926
32	180	-0.00019602160619704184
180	32	-0.00019602160619704184
32	181	-0.00019601801612568852
181	32	-0.00019601801612568852
32	201	-0.00019683883142558044
201	32	-0.00019683883142558044
32	202	-0.00019683118808143282
202	32	-0.00019683118808143282
32	203	-0.0001968279243635754
203	32	-0.0001968279243635754
32	205	-0.00019682506319994658
205	32	-0.00019682506319994658
32	207	-0.00019681933320094455
207	32	-0.00019681933320094455
32	209	-0.00019681718233263324
209	32	-0.00019681718233263324
32	211	-0.00019679613697909994
211	32	-0.00019679613697909994
32	214	-5.6294190482203815e-05
214	32	-5.6294190482203815e-05
35	46	-5.6898596056587994e-05
46	35	-5.6898596056587994e-05
35	47	-5.6900492205952293e-05
47	35	-5.6900492205952293e-05
35	49	-5.690205779807812e-05
49	35	-5.690205779807812e-05
35	51	-5.690372468824129e-05
51	35	-5.690372468824129e-05
35	53	-5.690508735664698e-05
53	35	-5.690508735664698e-05
35	55	-5.691194403048341e-05
55	35	-5.691194403048341e-05
35	58	-0.00019744975307123443
58	35	-0.00019744975307123443
35	69	-5.654107160788529e-05
69	35	-5.654107160788529e-05
35	70	-5.654274647425965e-05
70	35	-5.654274647425965e-05
35	72	-5.6544298946879214e-05
72	35	-5.6544298946879214e-05
35	74	-5.654594502733708e-05
74	35	-5.654594502733708e-05
35	76	-5.654728335515921e-05
76	35	-5.654728335515921e-05
35	78	-5.655405404263441e-05
78	35	-5.655405404263441e-05
35	81	-0.00019747015570547598
81	35	-0.00019747015570547598
35	92	-5.692023864731054e-05
92	35	-5.692023864731054e-05
35	93	-5.692180368591439e-05
93	35	-5.692180368591439e-05
35	114	-5.750029668414844e-05
114	35	-5.750029668414844e-05
35	115	-5.750571579903939e-05
115	35	-5.750571579903939e-05
35	135	-5.709647143220449e-05
135	35	-5.709647143220449e-05
35	136	-5.7098661674815987e-05
136	35	-5.7098661674815987e-05
35	138	-5.71002277422198e-05
138	35	-5.71002277422198e-05
35	140	-5.710191328654088e-05
140	35	-5.710191328654088e-05
35	142	-5.7103302834048154e-05
142	35	-5.7103302834048154e-05
35	144	-5.711020412253008e-05
144	35	-5.711020412253008e-05
35	147	-0.00019747015570547598
147	35	-0.00019747015570547598
35	158	-5.695448590968613e-05
158	35	-5.695448590968613e-05
35	159	-5.695607979413318e-05
159	35	-5.695607979413318e-05
35	180	-5.679550604233815e-05
180	35	-5.679550604233815e-05
35	181	-5.679698419583998e-05
181	35	-5.679698419583998e-05
35	202	-5.6526589248104405e-05
202	35	-5.6526589248104405e-05
35	203	-5.652825680644022e-05
203	35	-5.652825680644022e-05
35	205	-5.6529808825540087e-05
205	35	-5.6529808825540087e-05
35	207	-5.6531454147502887e-05
207	35	-5.6531454147502887e-05
35	209	-5.6532785315137274e-05
209	35	-5.6532785315137274e-05
35	211	-5.653955994368986e-05
211	35	-5.653955994368986e-05
35	214	-0.00019749056044739233
214	35	-0.00019749056044739233
39	58	-6.115971961309047e-08
58	39	-6.115971961309047e-08
39	81	-5.095260222854487e-08
81	39	-5.095260222854487e-08
39	92	-9.298591239358936e-09
92	39	-9.298591239358936e-09
39	93	-1.0326553532903372e-08
93	39	-1.0326553532903372e-08
39	114	-6.176111390604723e-08
114	39	-6.176111390604723e-08
39	115	-6.280329299300318e-08
115	39	-6.280329299300318e-08
39	147	-5.095260222854487e-08
147	39	-5.095260222854487e-08
39	158	-9.304185932941842e-09
158	39	-9.304185932941842e-09
39	159	-1.0332771783968886e-08
159	39	-1.0332771783968886e-08
39	180	-9.278214699565324e-09
180	39	-9.278214699565324e-09
39	181	-1.030390921978014e-08
181	39	-1.030390921978014e-08
39	214	-4.074548484399925e-08
214	39	-4.074548484399925e-08
41	58	-6.109964208455002e-08
58	41	-6.109964208455002e-08
41	62	-0.00015020115118593119
62	41	-0.00015020115118593119
41	64	-0.00015020115118593119
64	41	-0.00015020115118593119
41	81	-5.0899924163124796e-08
81	41	-5.0899924163124796e-08
41	85	-0.00015809633990211477
85	41	-0.00015809633990211477
41	87	-0.00015809633990211477
87	41	-0.00015809633990211477
41	92	-9.295567055253804e-09
92	41	-9.295567055253804e-09
41	93	-1.0323248682056379e-08
93	41	-1.0323248682056379e-08
41	114	-6.175720759747999e-08
114	41	-6.175720759747999e-08
41	115	-6.279965021200211e-08
115	41	-6.279965021200211e-08
41	147	-5.0899924163124796e-08
147	41	-5.0899924163124796e-08
41	151	-0.00015809633990211477
151	41	-0.00015809633990211477
41	153	-0.00015809633990211477
153	41	-0.00015809633990211477
41	158	-9.301158109206091e-09
158	41	-9.301158109206091e-09
41	159	-1.0329462952454543e-08
159	41	-1.0329462952454543e-08
41	180	-9.275203752930458e-09
180	41	-9.275203752930458e-09
41	181	-1.0300618844644408e-08
181	41	-1.0300618844644408e-08
41	214	-4.0701258987700024e-08
214	41	-4.0701258987700024e-08
41	218	-0.0001659915286182983
218	41	-0.0001659915286182983
41	220	-0.0001659915286182983
220	41	-0.0001659915286182983
44	96	-3.945166889465216e-05
96	44	-3.945166889465216e-05
44	118	-3.945166889465216e-05
118	44	-3.945166889465216e-05
44	162	-3.945166889465216e-05
162	44	-3.945166889465216e-05
44	184	-3.945166889465216e-05
184	44	-3.945166889465216e-05
45	69	-0.0001963407490969411
69	45	-0.0001963407490969411
45	70	-0.00019634302324224976
70	45	-0.00019634302324224976
45	72	-0.00019634487219730802
72	45	-0.00019634487219730802
45	74	-0.0001963505891880152
74	45	-0.0001963505891880152
45	76	-0.00019635177659366217
76	45	-0.00019635177659366217
45	78	-0.0001963717477761294
78	45	-0.0001963717477761294
45	92	-0.00019749129729506614
92	45	-0.00019749129729506614
45	93	-0.00019749418892193999
93	45	-0.00019749418892193999
45	180	-0.00019705852321406437
180	45	-0.00019705852321406437
45	181	-0.00019706111894949297
181	45	-0.00019706111894949297
45	202	-0.00019630058025270434
202	45	-0.00019630058025270434
45	203	-0.0001963028300969101
203	45	-0.0001963028300969101
45	205	-0.00019630467853177545
205	45	-0.00019630467853177545
45	207	-0.0001963103932671453
207	45	-0.0001963103932671453
45	209	-0.00019631155679324856
209	45	-0.00019631155679324856
45	211	-0.00019633154392135213
211	45	-0.00019633154392135213
46	47	-0.0001975682411235011
